"Label (Grouping)","Alameda County, California!!Estimate","Alameda County, California!!Percent","Butte County, California!!Estimate","Butte County, California!!Percent","Contra Costa County, California!!Estimate","Contra Costa County, California!!Percent","El Dorado County, California!!Estimate","El Dorado County, California!!Percent","Fresno County, California!!Estimate","Fresno County, California!!Percent","Humboldt County, California!!Estimate","Humboldt County, California!!Percent","Imperial County, California!!Estimate","Imperial County, California!!Percent","Kern County, California!!Estimate","Kern County, California!!Percent","Kings County, California!!Estimate","Kings County, California!!Percent","Lake County, California!!Estimate","Lake County, California!!Percent","Los Angeles County, California!!Estimate","Los Angeles County, California!!Percent","Madera County, California!!Estimate","Madera County, California!!Percent","Marin County, California!!Estimate","Marin County, California!!Percent","Mendocino County, California!!Estimate","Mendocino County, California!!Percent","Merced County, California!!Estimate","Merced County, California!!Percent","Monterey County, California!!Estimate","Monterey County, California!!Percent","Napa County, California!!Estimate","Napa County, California!!Percent","Nevada County, California!!Estimate","Nevada County, California!!Percent","Orange County, California!!Estimate","Orange County, California!!Percent","Placer County, California!!Estimate","Placer County, California!!Percent","Riverside County, California!!Estimate","Riverside County, California!!Percent","Sacramento County, California!!Estimate","Sacramento County, California!!Percent","San Bernardino County, California!!Estimate","San Bernardino County, California!!Percent","San Diego County, California!!Estimate","San Diego County, California!!Percent","San Francisco County, California!!Estimate","San Francisco County, California!!Percent","San Joaquin County, California!!Estimate","San Joaquin County, California!!Percent","San Luis Obispo County, California!!Estimate","San Luis Obispo County, California!!Percent","San Mateo County, California!!Estimate","San Mateo County, California!!Percent","Santa Barbara County, California!!Estimate","Santa Barbara County, California!!Percent","Santa Clara County, California!!Estimate","Santa Clara County, California!!Percent","Santa Cruz County, California!!Estimate","Santa Cruz County, California!!Percent","Shasta County, California!!Estimate","Shasta County, California!!Percent","Solano County, California!!Estimate","Solano County, California!!Percent","Sonoma County, California!!Estimate","Sonoma County, California!!Percent","Stanislaus County, California!!Estimate","Stanislaus County, California!!Percent","Sutter County, California!!Estimate","Sutter County, California!!Percent","Tulare County, California!!Estimate","Tulare County, California!!Percent","Ventura County, California!!Estimate","Ventura County, California!!Percent","Yolo County, California!!Estimate","Yolo County, California!!Percent","Yuba County, California!!Estimate","Yuba County, California!!Percent"
"EMPLOYMENT STATUS","","","","","","","","","","","","","","","","","","","","","","","","","","","","","","","","","","","","","","","","","","","","","","","","","","","","","","","","","","","","","","","","","","","","","","","","","","","","","","","",""
"    Population 16 years and over","1,361,098","1,361,098","190,638","190,638","921,374","921,374","156,948","156,948","741,706","741,706","112,359","112,359","136,416","136,416","664,871","664,871","114,798","114,798","52,124","52,124","8,162,030","8,162,030","119,395","119,395","214,458","214,458","71,461","71,461","203,248","203,248","333,147","333,147","114,103","114,103","84,536","84,536","2,571,255","2,571,255","317,755","317,755","1,907,979","1,907,979","1,215,153","1,215,153","1,662,442","1,662,442","2,695,957","2,695,957","776,750","776,750","571,146","571,146","240,351","240,351","628,294","628,294","358,433","358,433","1,560,706","1,560,706","227,759","227,759","145,037","145,037","357,799","357,799","413,471","413,471","418,513","418,513","74,492","74,492","339,624","339,624","679,810","679,810","178,782","178,782","59,048","59,048"
"        In labor force","920,908","67.7%","109,346","57.4%","606,398","65.8%","93,246","59.4%","451,694","60.9%","70,940","63.1%","71,243","52.2%","384,227","57.8%","61,064","53.2%","27,484","52.7%","5,302,675","65.0%","66,874","56.0%","138,352","64.5%","41,700","58.4%","124,576","61.3%","204,225","61.3%","73,044","64.0%","46,295","54.8%","1,684,199","65.5%","188,065","59.2%","1,148,831","60.2%","766,790","63.1%","1,025,716","61.7%","1,775,600","65.9%","557,529","71.8%","347,630","60.9%","136,502","56.8%","434,900","69.2%","225,708","63.0%","1,056,250","67.7%","145,162","63.7%","75,948","52.4%","229,781","64.2%","272,789","66.0%","251,698","60.1%","44,578","59.8%","203,837","60.0%","442,085","65.0%","104,850","58.6%","34,612","58.6%"
"            Civilian labor force","919,808","67.6%","109,346","57.4%","605,900","65.8%","92,775","59.1%","451,036","60.8%","70,898","63.1%","70,917","52.0%","382,716","57.6%","57,696","50.3%","27,414","52.6%","5,298,639","64.9%","66,874","56.0%","138,083","64.4%","41,461","58.0%","124,576","61.3%","199,548","59.9%","72,954","63.9%","46,073","54.5%","1,682,775","65.4%","187,632","59.0%","1,144,128","60.0%","765,346","63.0%","1,014,949","61.1%","1,697,366","63.0%","557,213","71.7%","347,358","60.8%","134,948","56.1%","434,788","69.2%","223,874","62.5%","1,055,631","67.6%","144,966","63.6%","75,948","52.4%","226,696","63.4%","272,113","65.8%","251,631","60.1%","44,092","59.2%","203,251","59.8%","438,249","64.5%","104,722","58.6%","32,768","55.5%"
"                Employed","882,648","64.8%","101,385","53.2%","577,749","62.7%","88,702","56.5%","414,515","55.9%","64,215","57.2%","61,830","45.3%","348,493","52.4%","52,644","45.9%","25,891","49.7%","5,001,369","61.3%","59,187","49.6%","134,656","62.8%","39,072","54.7%","111,737","55.0%","190,707","57.2%","68,939","60.4%","44,505","52.6%","1,613,730","62.8%","180,107","56.7%","1,069,565","56.1%","723,076","59.5%","946,515","56.9%","1,606,430","59.6%","536,653","69.1%","326,352","57.1%","128,406","53.4%","418,073","66.5%","210,598","58.8%","1,014,217","65.0%","135,393","59.4%","69,649","48.0%","216,357","60.5%","259,984","62.9%","229,483","54.8%","40,133","53.9%","182,312","53.7%","419,074","61.6%","98,657","55.2%","30,058","50.9%"
"                Unemployed","37,160","2.7%","7,961","4.2%","28,151","3.1%","4,073","2.6%","36,521","4.9%","6,683","5.9%","9,087","6.7%","34,223","5.1%","5,052","4.4%","1,523","2.9%","297,270","3.6%","7,687","6.4%","3,427","1.6%","2,389","3.3%","12,839","6.3%","8,841","2.7%","4,015","3.5%","1,568","1.9%","69,045","2.7%","7,525","2.4%","74,563","3.9%","42,270","3.5%","68,434","4.1%","90,936","3.4%","20,560","2.6%","21,006","3.7%","6,542","2.7%","16,715","2.7%","13,276","3.7%","41,414","2.7%","9,573","4.2%","6,299","4.3%","10,339","2.9%","12,129","2.9%","22,148","5.3%","3,959","5.3%","20,939","6.2%","19,175","2.8%","6,065","3.4%","2,710","4.6%"
"            Armed Forces","1,100","0.1%","0","0.0%","498","0.1%","471","0.3%","658","0.1%","42","0.0%","326","0.2%","1,511","0.2%","3,368","2.9%","70","0.1%","4,036","0.0%","0","0.0%","269","0.1%","239","0.3%","0","0.0%","4,677","1.4%","90","0.1%","222","0.3%","1,424","0.1%","433","0.1%","4,703","0.2%","1,444","0.1%","10,767","0.6%","78,234","2.9%","316","0.0%","272","0.0%","1,554","0.6%","112","0.0%","1,834","0.5%","619","0.0%","196","0.1%","0","0.0%","3,085","0.9%","676","0.2%","67","0.0%","486","0.7%","586","0.2%","3,836","0.6%","128","0.1%","1,844","3.1%"
"        Not in labor force","440,190","32.3%","81,292","42.6%","314,976","34.2%","63,702","40.6%","290,012","39.1%","41,419","36.9%","65,173","47.8%","280,644","42.2%","53,734","46.8%","24,640","47.3%","2,859,355","35.0%","52,521","44.0%","76,106","35.5%","29,761","41.6%","78,672","38.7%","128,922","38.7%","41,059","36.0%","38,241","45.2%","887,056","34.5%","129,690","40.8%","759,148","39.8%","448,363","36.9%","636,726","38.3%","920,357","34.1%","219,221","28.2%","223,516","39.1%","103,849","43.2%","193,394","30.8%","132,725","37.0%","504,456","32.3%","82,597","36.3%","69,089","47.6%","128,018","35.8%","140,682","34.0%","166,815","39.9%","29,914","40.2%","135,787","40.0%","237,725","35.0%","73,932","41.4%","24,436","41.4%"
"    Civilian labor force","919,808","919,808","109,346","109,346","605,900","605,900","92,775","92,775","451,036","451,036","70,898","70,898","70,917","70,917","382,716","382,716","57,696","57,696","27,414","27,414","5,298,639","5,298,639","66,874","66,874","138,083","138,083","41,461","41,461","124,576","124,576","199,548","199,548","72,954","72,954","46,073","46,073","1,682,775","1,682,775","187,632","187,632","1,144,128","1,144,128","765,346","765,346","1,014,949","1,014,949","1,697,366","1,697,366","557,213","557,213","347,358","347,358","134,948","134,948","434,788","434,788","223,874","223,874","1,055,631","1,055,631","144,966","144,966","75,948","75,948","226,696","226,696","272,113","272,113","251,631","251,631","44,092","44,092","203,251","203,251","438,249","438,249","104,722","104,722","32,768","32,768"
"        Unemployment Rate","(X)","4.0%","(X)","7.3%","(X)","4.6%","(X)","4.4%","(X)","8.1%","(X)","9.4%","(X)","12.8%","(X)","8.9%","(X)","8.8%","(X)","5.6%","(X)","5.6%","(X)","11.5%","(X)","2.5%","(X)","5.8%","(X)","10.3%","(X)","4.4%","(X)","5.5%","(X)","3.4%","(X)","4.1%","(X)","4.0%","(X)","6.5%","(X)","5.5%","(X)","6.7%","(X)","5.4%","(X)","3.7%","(X)","6.0%","(X)","4.8%","(X)","3.8%","(X)","5.9%","(X)","3.9%","(X)","6.6%","(X)","8.3%","(X)","4.6%","(X)","4.5%","(X)","8.8%","(X)","9.0%","(X)","10.3%","(X)","4.4%","(X)","5.8%","(X)","8.3%"
"    Females 16 years and over","696,577","696,577","97,120","97,120","475,544","475,544","79,369","79,369","374,824","374,824","56,433","56,433","66,107","66,107","322,216","322,216","50,136","50,136","N","N","4,174,560","4,174,560","61,910","61,910","110,610","110,610","36,200","36,200","101,566","101,566","163,578","163,578","58,105","58,105","43,456","43,456","1,313,715","1,313,715","163,441","163,441","964,215","964,215","627,704","627,704","842,761","842,761","1,344,499","1,344,499","380,076","380,076","288,556","288,556","118,877","118,877","318,974","318,974","179,403","179,403","771,385","771,385","117,430","117,430","74,280","74,280","180,678","180,678","213,374","213,374","213,759","213,759","38,171","38,171","170,521","170,521","345,080","345,080","92,227","92,227","29,329","29,329"
"        In labor force","429,850","61.7%","51,671","53.2%","287,697","60.5%","44,391","55.9%","206,156","55.0%","34,087","60.4%","34,016","51.5%","166,527","51.7%","24,356","48.6%","N","N","2,448,219","58.6%","30,734","49.6%","65,902","59.6%","19,264","53.2%","51,734","50.9%","89,778","54.9%","34,847","60.0%","21,900","50.4%","773,044","58.8%","89,094","54.5%","519,802","53.9%","365,611","58.2%","460,130","54.6%","806,577","60.0%","258,684","68.1%","155,738","54.0%","63,413","53.3%","203,105","63.7%","103,296","57.6%","467,369","60.6%","70,483","60.0%","35,674","48.0%","108,518","60.1%","131,199","61.5%","112,174","52.5%","20,631","54.0%","87,498","51.3%","204,332","59.2%","50,636","54.9%","15,045","51.3%"
"            Civilian labor force","429,664","61.7%","51,671","53.2%","287,697","60.5%","44,237","55.7%","206,078","55.0%","34,087","60.4%","34,016","51.5%","166,341","51.6%","24,244","48.4%","N","N","2,447,559","58.6%","30,734","49.6%","65,896","59.6%","19,264","53.2%","51,734","50.9%","88,922","54.4%","34,810","59.9%","21,821","50.2%","772,898","58.8%","88,967","54.4%","519,387","53.9%","365,383","58.2%","458,989","54.5%","797,744","59.3%","258,612","68.0%","155,738","54.0%","62,891","52.9%","203,105","63.7%","103,039","57.4%","467,369","60.6%","70,483","60.0%","35,674","48.0%","107,860","59.7%","131,018","61.4%","112,174","52.5%","20,631","54.0%","87,432","51.3%","203,680","59.0%","50,545","54.8%","14,685","50.1%"
"                Employed","412,334","59.2%","48,698","50.1%","274,681","57.8%","42,066","53.0%","189,052","50.4%","31,410","55.7%","30,009","45.4%","152,542","47.3%","21,412","42.7%","N","N","2,305,495","55.2%","26,928","43.5%","64,377","58.2%","18,225","50.3%","45,857","45.1%","84,719","51.8%","32,121","55.3%","21,021","48.4%","740,870","56.4%","85,216","52.1%","480,846","49.9%","346,491","55.2%","423,791","50.3%","754,370","56.1%","250,661","66.0%","144,715","50.2%","59,550","50.1%","194,928","61.1%","95,966","53.5%","447,243","58.0%","65,720","56.0%","33,566","45.2%","102,990","57.0%","126,513","59.3%","101,638","47.5%","18,853","49.4%","78,363","46.0%","194,840","56.5%","48,223","52.3%","13,496","46.0%"
"    Own children of the householder under 6 years","114,419","114,419","14,447","14,447","74,089","74,089","10,132","10,132","90,524","90,524","9,431","9,431","16,474","16,474","76,846","76,846","12,808","12,808","3,899","3,899","686,966","686,966","15,084","15,084","13,503","13,503","5,528","5,528","25,359","25,359","36,066","36,066","8,316","8,316","4,624","4,624","213,693","213,693","24,196","24,196","185,246","185,246","113,990","113,990","172,832","172,832","240,167","240,167","43,920","43,920","60,850","60,850","14,964","14,964","51,876","51,876","31,218","31,218","131,953","131,953","15,824","15,824","10,299","10,299","31,210","31,210","28,268","28,268","45,010","45,010","6,853","6,853","40,599","40,599","56,938","56,938","14,241","14,241","6,971","6,971"
"        All parents in family in labor force","75,782","66.2%","8,544","59.1%","48,134","65.0%","6,826","67.4%","58,087","64.2%","6,475","68.7%","11,924","72.4%","44,964","58.5%","7,695","60.1%","2,794","71.7%","442,646","64.4%","10,575","70.1%","9,138","67.7%","3,179","57.5%","13,185","52.0%","20,191","56.0%","6,734","81.0%","3,320","71.8%","142,007","66.5%","14,467","59.8%","110,559","59.7%","70,192","61.6%","103,104","59.7%","162,161","67.5%","32,887","74.9%","36,752","60.4%","10,061","67.2%","36,393","70.2%","21,947","70.3%","86,968","65.9%","10,250","64.8%","5,773","56.1%","19,542","62.6%","17,798","63.0%","25,599","56.9%","3,913","57.1%","23,675","58.3%","37,079","65.1%","9,859","69.2%","4,072","58.4%"
"    Own children of the householder 6 to 17 years","214,794","214,794","29,408","29,408","175,999","175,999","27,017","27,017","177,527","177,527","15,458","15,458","32,576","32,576","167,757","167,757","25,745","25,745","8,082","8,082","1,401,703","1,401,703","26,805","26,805","36,440","36,440","12,267","12,267","52,691","52,691","72,057","72,057","19,963","19,963","12,031","12,031","454,518","454,518","60,079","60,079","404,114","404,114","231,525","231,525","364,209","364,209","455,453","455,453","69,226","69,226","133,600","133,600","33,117","33,117","103,002","103,002","61,595","61,595","277,162","277,162","33,356","33,356","22,972","22,972","63,296","63,296","64,404","64,404","99,031","99,031","16,313","16,313","95,054","95,054","125,756","125,756","30,925","30,925","13,353","13,353"
"        All parents in family in labor force","152,476","71.0%","23,363","79.4%","122,283","69.5%","18,320","67.8%","115,961","65.3%","11,037","71.4%","21,788","66.9%","106,143","63.3%","15,330","59.5%","5,271","65.2%","945,522","67.5%","19,371","72.3%","27,407","75.2%","8,629","70.3%","29,088","55.2%","44,208","61.4%","16,603","83.2%","10,182","84.6%","306,709","67.5%","42,194","70.2%","259,429","64.2%","152,445","65.8%","231,587","63.6%","308,841","67.8%","52,484","75.8%","87,099","65.2%","22,428","67.7%","77,336","75.1%","46,365","75.3%","193,553","69.8%","22,231","66.6%","16,664","72.5%","45,675","72.2%","47,070","73.1%","62,361","63.0%","9,714","59.5%","62,331","65.6%","85,194","67.7%","20,240","65.4%","7,271","54.5%"
"COMMUTING TO WORK","","","","","","","","","","","","","","","","","","","","","","","","","","","","","","","","","","","","","","","","","","","","","","","","","","","","","","","","","","","","","","","","","","","","","","","","","","","","","","","",""
"    Workers 16 years and over","796,952","796,952","98,333","98,333","560,747","560,747","87,964","87,964","401,700","401,700","59,878","59,878","61,033","61,033","341,381","341,381","54,418","54,418","24,722","24,722","4,874,798","4,874,798","56,930","56,930","132,566","132,566","37,869","37,869","108,162","108,162","192,389","192,389","66,644","66,644","44,049","44,049","1,580,867","1,580,867","177,634","177,634","1,050,718","1,050,718","711,001","711,001","938,270","938,270","1,649,210","1,649,210","524,742","524,742","316,465","316,465","126,971","126,971","407,732","407,732","207,250","207,250","992,175","992,175","132,127","132,127","67,512","67,512","214,362","214,362","253,870","253,870","220,466","220,466","39,863","39,863","176,523","176,523","413,288","413,288","96,996","96,996","31,270","31,270"
"        Car, truck, or van -- drove alone","484,833","60.8%","75,677","77.0%","376,164","67.1%","63,844","72.6%","317,323","79.0%","46,163","77.1%","49,681","81.4%","273,517","80.1%","42,962","78.9%","17,784","71.9%","3,607,074","74.0%","43,111","75.7%","86,544","65.3%","25,783","68.1%","85,524","79.1%","136,222","70.8%","51,221","76.9%","29,281","66.5%","1,237,023","78.2%","140,511","79.1%","835,085","79.5%","551,212","77.5%","752,478","80.2%","1,261,446","76.5%","158,937","30.3%","253,212","80.0%","90,643","71.4%","278,254","68.2%","140,406","67.7%","745,953","75.2%","91,157","69.0%","54,313","80.4%","161,545","75.4%","195,677","77.1%","183,479","83.2%","30,894","77.5%","138,510","78.5%","327,834","79.3%","66,331","68.4%","23,942","76.6%"
"        Car, truck, or van -- carpooled","74,121","9.3%","8,927","9.1%","63,869","11.4%","7,098","8.1%","49,840","12.4%","5,133","8.6%","4,325","7.1%","43,593","12.8%","8,232","15.1%","2,111","8.5%","462,707","9.5%","6,820","12.0%","9,342","7.0%","5,350","14.1%","10,468","9.7%","18,478","9.6%","4,960","7.4%","2,948","6.7%","149,238","9.4%","11,211","6.3%","121,765","11.6%","70,691","9.9%","94,959","10.1%","144,405","8.8%","45,222","8.6%","40,136","12.7%","16,214","12.8%","39,997","9.8%","30,825","14.9%","101,962","10.3%","12,732","9.6%","6,821","10.1%","29,292","13.7%","24,572","9.7%","18,153","8.2%","4,775","12.0%","24,098","13.7%","44,211","10.7%","9,251","9.5%","3,979","12.7%"
"        Public transportation (excluding taxicab)","125,492","15.7%","1,228","1.2%","63,005","11.2%","1,631","1.9%","4,246","1.1%","1,381","2.3%","803","1.3%","2,949","0.9%","253","0.5%","33","0.1%","277,248","5.7%","62","0.1%","11,031","8.3%","11","0.0%","681","0.6%","2,596","1.3%","1,435","2.2%","46","0.1%","32,483","2.1%","1,962","1.1%","12,179","1.2%","16,165","2.3%","12,534","1.3%","43,630","2.6%","175,897","33.5%","5,020","1.6%","864","0.7%","43,049","10.6%","5,029","2.4%","40,195","4.1%","3,361","2.5%","535","0.8%","7,116","3.3%","5,287","2.1%","2,210","1.0%","247","0.6%","1,951","1.1%","4,387","1.1%","4,371","4.5%","48","0.2%"
"        Walked","28,404","3.6%","3,643","3.7%","7,920","1.4%","1,690","1.9%","7,312","1.8%","3,180","5.3%","1,168","1.9%","3,225","0.9%","524","1.0%","620","2.5%","131,828","2.7%","478","0.8%","2,359","1.8%","2,988","7.9%","2,232","2.1%","5,344","2.8%","2,095","3.1%","1,880","4.3%","30,526","1.9%","2,674","1.5%","12,890","1.2%","12,082","1.7%","16,152","1.7%","50,911","3.1%","66,653","12.7%","3,867","1.2%","6,321","5.0%","9,558","2.3%","7,400","3.6%","21,211","2.1%","7,735","5.9%","1,698","2.5%","2,543","1.2%","5,624","2.2%","2,547","1.2%","588","1.5%","3,120","1.8%","7,333","1.8%","1,460","1.5%","759","2.4%"
"        Other means","29,056","3.6%","2,319","2.4%","11,814","2.1%","1,864","2.1%","6,951","1.7%","966","1.6%","528","0.9%","4,744","1.4%","552","1.0%","75","0.3%","124,103","2.5%","4,347","7.6%","2,821","2.1%","480","1.3%","6,717","6.2%","20,461","10.6%","2,631","3.9%","1,003","2.3%","25,583","1.6%","1,878","1.1%","19,080","1.8%","14,808","2.1%","11,656","1.2%","39,969","2.4%","45,016","8.6%","2,826","0.9%","3,724","2.9%","14,737","3.6%","7,859","3.8%","32,827","3.3%","7,000","5.3%","1,026","1.5%","3,013","1.4%","4,306","1.7%","2,036","0.9%","1,043","2.6%","1,485","0.8%","4,738","1.1%","8,561","8.8%","772","2.5%"
"        Worked at home","55,046","6.9%","6,539","6.6%","37,975","6.8%","11,837","13.5%","16,028","4.0%","3,055","5.1%","4,528","7.4%","13,353","3.9%","1,895","3.5%","4,099","16.6%","271,838","5.6%","2,112","3.7%","20,469","15.4%","3,257","8.6%","2,540","2.3%","9,288","4.8%","4,302","6.5%","8,891","20.2%","106,014","6.7%","19,398","10.9%","49,719","4.7%","46,043","6.5%","50,491","5.4%","108,849","6.6%","33,017","6.3%","11,404","3.6%","9,205","7.2%","22,137","5.4%","15,731","7.6%","50,027","5.0%","10,142","7.7%","3,119","4.6%","10,853","5.1%","18,404","7.2%","12,041","5.5%","2,316","5.8%","7,359","4.2%","24,785","6.0%","7,022","7.2%","1,770","5.7%"
"        Mean travel time to work (minutes)","34.8","(X)","22.8","(X)","40.0","(X)","30.1","(X)","23.1","(X)","17.5","(X)","24.5","(X)","23.5","(X)","23.9","(X)","33.9","(X)","32.2","(X)","31.8","(X)","33.7","(X)","19.6","(X)","29.1","(X)","23.9","(X)","27.8","(X)","24.7","(X)","28.3","(X)","27.8","(X)","33.6","(X)","28.4","(X)","31.7","(X)","26.6","(X)","33.0","(X)","37.2","(X)","22.3","(X)","29.7","(X)","22.1","(X)","29.6","(X)","27.4","(X)","22.3","(X)","35.1","(X)","25.4","(X)","31.1","(X)","28.8","(X)","23.4","(X)","27.0","(X)","23.5","(X)","29.7","(X)"
"OCCUPATION","","","","","","","","","","","","","","","","","","","","","","","","","","","","","","","","","","","","","","","","","","","","","","","","","","","","","","","","","","","","","","","","","","","","","","","","","","","","","","","",""
"    Civilian employed population 16 years and over","882,648","882,648","101,385","101,385","577,749","577,749","88,702","88,702","414,515","414,515","64,215","64,215","61,830","61,830","348,493","348,493","52,644","52,644","N","N","5,001,369","5,001,369","59,187","59,187","134,656","134,656","39,072","39,072","111,737","111,737","190,707","190,707","68,939","68,939","44,505","44,505","1,613,730","1,613,730","180,107","180,107","1,069,565","1,069,565","723,076","723,076","946,515","946,515","1,606,430","1,606,430","536,653","536,653","326,352","326,352","128,406","128,406","418,073","418,073","210,598","210,598","1,014,217","1,014,217","135,393","135,393","69,649","69,649","216,357","216,357","259,984","259,984","229,483","229,483","40,133","40,133","182,312","182,312","419,074","419,074","98,657","98,657","30,058","30,058"
"        Management, business, science, and arts occupations","453,850","51.4%","34,133","33.7%","261,187","45.2%","36,813","41.5%","127,720","30.8%","19,669","30.6%","16,262","26.3%","91,328","26.2%","14,288","27.1%","N","N","1,863,993","37.3%","13,640","23.0%","78,153","58.0%","10,864","27.8%","27,647","24.7%","53,641","28.1%","24,577","35.7%","17,441","39.2%","691,661","42.9%","80,790","44.9%","314,991","29.5%","286,683","39.6%","278,837","29.5%","663,848","41.3%","317,599","59.2%","89,097","27.3%","49,204","38.3%","211,247","50.5%","77,142","36.6%","552,479","54.5%","56,524","41.7%","24,453","35.1%","73,604","34.0%","96,934","37.3%","66,059","28.8%","10,954","27.3%","50,073","27.5%","157,459","37.6%","44,743","45.4%","7,465","24.8%"
"        Service occupations","130,527","14.8%","22,770","22.5%","100,211","17.3%","16,827","19.0%","81,820","19.7%","15,974","24.9%","14,189","22.9%","69,228","19.9%","10,712","20.3%","N","N","969,741","19.4%","10,323","17.4%","17,337","12.9%","8,373","21.4%","21,010","18.8%","38,568","20.2%","13,276","19.3%","8,616","19.4%","282,012","17.5%","30,074","16.7%","226,652","21.2%","136,820","18.9%","174,139","18.4%","317,821","19.8%","78,056","14.5%","57,028","17.5%","25,288","19.7%","70,277","16.8%","41,891","19.9%","146,348","14.4%","26,956","19.9%","15,479","22.2%","40,343","18.6%","51,829","19.9%","42,835","18.7%","7,858","19.6%","31,978","17.5%","75,946","18.1%","19,527","19.8%","7,160","23.8%"
"        Sales and office occupations","154,912","17.6%","22,681","22.4%","118,506","20.5%","20,834","23.5%","81,725","19.7%","14,993","23.3%","14,924","24.1%","64,929","18.6%","8,715","16.6%","N","N","1,086,222","21.7%","12,615","21.3%","24,936","18.5%","8,818","22.6%","16,988","15.2%","35,064","18.4%","15,203","22.1%","10,611","23.8%","380,934","23.6%","43,203","24.0%","249,819","23.4%","163,227","22.6%","203,082","21.5%","340,781","21.2%","94,041","17.5%","66,411","20.3%","25,799","20.1%","79,376","19.0%","39,049","18.5%","172,218","17.0%","25,725","19.0%","14,393","20.7%","46,700","21.6%","56,840","21.9%","44,510","19.4%","9,230","23.0%","37,274","20.4%","89,547","21.4%","14,352","14.5%","6,323","21.0%"
"        Natural resources, construction, and maintenance occupations","53,564","6.1%","7,966","7.9%","44,698","7.7%","7,415","8.4%","65,677","15.8%","6,497","10.1%","8,784","14.2%","73,195","21.0%","10,875","20.7%","N","N","389,735","7.8%","16,553","28.0%","7,706","5.7%","5,709","14.6%","22,614","20.2%","37,087","19.4%","7,769","11.3%","4,169","9.4%","95,159","5.9%","11,304","6.3%","117,671","11.0%","57,707","8.0%","102,237","10.8%","122,071","7.6%","14,328","2.7%","49,770","15.3%","17,042","13.3%","22,364","5.3%","31,311","14.9%","60,131","5.9%","12,785","9.4%","7,924","11.4%","25,370","11.7%","27,361","10.5%","31,713","13.8%","5,031","12.5%","35,331","19.4%","49,029","11.7%","8,643","8.8%","5,156","17.2%"
"        Production, transportation, and material moving occupations","89,795","10.2%","13,835","13.6%","53,147","9.2%","6,813","7.7%","57,573","13.9%","7,082","11.0%","7,671","12.4%","49,813","14.3%","8,054","15.3%","N","N","691,678","13.8%","6,056","10.2%","6,524","4.8%","5,308","13.6%","23,478","21.0%","26,347","13.8%","8,114","11.8%","3,668","8.2%","163,964","10.2%","14,736","8.2%","160,432","15.0%","78,639","10.9%","188,220","19.9%","161,909","10.1%","32,629","6.1%","64,046","19.6%","11,073","8.6%","34,809","8.3%","21,205","10.1%","83,041","8.2%","13,403","9.9%","7,400","10.6%","30,340","14.0%","27,020","10.4%","44,366","19.3%","7,060","17.6%","27,656","15.2%","47,093","11.2%","11,392","11.5%","3,954","13.2%"
"INDUSTRY","","","","","","","","","","","","","","","","","","","","","","","","","","","","","","","","","","","","","","","","","","","","","","","","","","","","","","","","","","","","","","","","","","","","","","","","","","","","","","","",""
"    Civilian employed population 16 years and over","882,648","882,648","101,385","101,385","577,749","577,749","88,702","88,702","414,515","414,515","64,215","64,215","61,830","61,830","348,493","348,493","52,644","52,644","25,891","25,891","5,001,369","5,001,369","59,187","59,187","134,656","134,656","39,072","39,072","111,737","111,737","190,707","190,707","68,939","68,939","44,505","44,505","1,613,730","1,613,730","180,107","180,107","1,069,565","1,069,565","723,076","723,076","946,515","946,515","1,606,430","1,606,430","536,653","536,653","326,352","326,352","128,406","128,406","418,073","418,073","210,598","210,598","1,014,217","1,014,217","135,393","135,393","69,649","69,649","216,357","216,357","259,984","259,984","229,483","229,483","40,133","40,133","182,312","182,312","419,074","419,074","98,657","98,657","30,058","30,058"
"        Agriculture, forestry, fishing and hunting, and mining","4,405","0.5%","3,501","3.5%","3,120","0.5%","1,554","1.8%","45,794","11.0%","4,361","6.8%","6,485","10.5%","60,310","17.3%","7,797","14.8%","2,024","7.8%","20,331","0.4%","10,940","18.5%","1,299","1.0%","3,011","7.7%","14,563","13.0%","30,494","16.0%","2,970","4.3%","596","1.3%","10,473","0.6%","1,664","0.9%","13,790","1.3%","6,521","0.9%","5,574","0.6%","11,644","0.7%","578","0.1%","18,487","5.7%","5,782","4.5%","1,297","0.3%","22,637","10.7%","5,486","0.5%","6,952","5.1%","743","1.1%","3,168","1.5%","6,809","2.6%","10,045","4.4%","4,313","10.7%","28,992","15.9%","23,550","5.6%","4,061","4.1%","1,447","4.8%"
"        Construction","46,887","5.3%","6,353","6.3%","45,234","7.8%","7,155","8.1%","24,858","6.0%","4,693","7.3%","4,056","6.6%","24,454","7.0%","2,353","4.5%","1,544","6.0%","312,169","6.2%","5,987","10.1%","8,284","6.2%","3,468","8.9%","6,945","6.2%","12,321","6.5%","4,823","7.0%","3,433","7.7%","92,667","5.7%","14,008","7.8%","97,442","9.1%","49,006","6.8%","78,139","8.3%","102,866","6.4%","17,882","3.3%","29,398","9.0%","10,823","8.4%","20,165","4.8%","14,072","6.7%","52,638","5.2%","8,523","6.3%","5,790","8.3%","20,092","9.3%","24,425","9.4%","19,254","8.4%","2,988","7.4%","9,810","5.4%","24,025","5.7%","5,555","5.6%","2,936","9.8%"
"        Manufacturing","86,012","9.7%","7,562","7.5%","34,294","5.9%","5,630","6.3%","25,766","6.2%","2,390","3.7%","1,711","2.8%","14,232","4.1%","3,752","7.1%","734","2.8%","455,551","9.1%","3,617","6.1%","6,104","4.5%","2,513","6.4%","13,899","12.4%","12,420","6.5%","9,168","13.3%","1,562","3.5%","187,221","11.6%","10,809","6.0%","88,579","8.3%","37,399","5.2%","76,520","8.1%","146,907","9.1%","28,422","5.3%","33,685","10.3%","8,654","6.7%","33,469","8.0%","14,288","6.8%","163,171","16.1%","11,929","8.8%","3,077","4.4%","19,037","8.8%","23,082","8.9%","27,342","11.9%","3,310","8.2%","14,355","7.9%","36,742","8.8%","6,418","6.5%","1,160","3.9%"
"        Wholesale trade","18,796","2.1%","1,831","1.8%","12,007","2.1%","1,257","1.4%","14,865","3.6%","2,002","3.1%","2,888","4.7%","9,113","2.6%","811","1.5%","381","1.5%","162,075","3.2%","1,503","2.5%","3,241","2.4%","672","1.7%","3,905","3.5%","6,080","3.2%","2,138","3.1%","1,083","2.4%","55,555","3.4%","4,798","2.7%","28,535","2.7%","16,671","2.3%","32,317","3.4%","33,995","2.1%","9,239","1.7%","9,499","2.9%","3,068","2.4%","8,332","2.0%","3,620","1.7%","20,821","2.1%","3,389","2.5%","1,218","1.7%","5,356","2.5%","6,480","2.5%","7,985","3.5%","1,128","2.8%","6,287","3.4%","13,984","3.3%","1,123","1.1%","580","1.9%"
"        Retail trade","76,344","8.6%","12,628","12.5%","56,870","9.8%","7,987","9.0%","44,814","10.8%","9,062","14.1%","9,313","15.1%","35,529","10.2%","4,899","9.3%","3,998","15.4%","504,940","10.1%","4,098","6.9%","12,887","9.6%","6,691","17.1%","12,354","11.1%","17,109","9.0%","7,664","11.1%","4,717","10.6%","169,352","10.5%","20,344","11.3%","137,086","12.8%","81,132","11.2%","117,082","12.4%","164,758","10.3%","49,705","9.3%","37,774","11.6%","13,202","10.3%","36,564","8.7%","17,513","8.3%","82,980","8.2%","15,863","11.7%","8,953","12.9%","24,584","11.4%","30,715","11.8%","26,381","11.5%","5,482","13.7%","19,573","10.7%","44,371","10.6%","9,808","9.9%","3,599","12.0%"
"        Transportation and warehousing, and utilities","44,602","5.1%","3,973","3.9%","33,928","5.9%","2,646","3.0%","22,185","5.4%","1,890","2.9%","3,537","5.7%","20,059","5.8%","2,329","4.4%","791","3.1%","317,939","6.4%","2,693","4.5%","4,012","3.0%","1,237","3.2%","6,105","5.5%","7,415","3.9%","2,823","4.1%","3,022","6.8%","63,045","3.9%","7,485","4.2%","74,054","6.9%","41,582","5.8%","103,248","10.9%","71,947","4.5%","24,377","4.5%","27,969","8.6%","7,029","5.5%","24,077","5.8%","6,698","3.2%","32,438","3.2%","3,794","2.8%","3,488","5.0%","13,912","6.4%","8,121","3.1%","16,300","7.1%","2,285","5.7%","8,197","4.5%","15,824","3.8%","4,534","4.6%","1,557","5.2%"
"        Information","32,520","3.7%","2,418","2.4%","14,954","2.6%","1,748","2.0%","5,453","1.3%","183","0.3%","644","1.0%","3,371","1.0%","347","0.7%","308","1.2%","215,383","4.3%","646","1.1%","4,217","3.1%","490","1.3%","824","0.7%","1,801","0.9%","761","1.1%","596","1.3%","32,541","2.0%","3,268","1.8%","16,559","1.5%","10,153","1.4%","11,407","1.2%","30,792","1.9%","32,065","6.0%","3,846","1.2%","1,733","1.3%","19,584","4.7%","3,683","1.7%","55,950","5.5%","3,483","2.6%","865","1.2%","3,253","1.5%","4,907","1.9%","2,550","1.1%","437","1.1%","953","0.5%","9,846","2.3%","1,049","1.1%","352","1.2%"
"        Finance and insurance, and real estate and rental and leasing","55,721","6.3%","4,494","4.4%","44,497","7.7%","8,903","10.0%","17,953","4.3%","2,940","4.6%","2,097","3.4%","11,935","3.4%","973","1.8%","841","3.2%","295,556","5.9%","2,705","4.6%","14,592","10.8%","1,696","4.3%","3,132","2.8%","5,188","2.7%","2,821","4.1%","2,195","4.9%","140,112","8.7%","15,403","8.6%","50,875","4.8%","46,752","6.5%","43,824","4.6%","95,291","5.9%","44,342","8.3%","15,055","4.6%","6,330","4.9%","31,366","7.5%","8,795","4.2%","42,690","4.2%","6,591","4.9%","4,068","5.8%","10,620","4.9%","13,872","5.3%","9,667","4.2%","1,353","3.4%","5,807","3.2%","31,134","7.4%","3,529","3.6%","1,607","5.3%"
"        Professional, scientific, and management, and administrative and waste management services","180,270","20.4%","11,004","10.9%","91,693","15.9%","12,852","14.5%","35,830","8.6%","6,156","9.6%","4,436","7.2%","29,060","8.3%","3,901","7.4%","3,184","12.3%","642,353","12.8%","3,955","6.7%","26,218","19.5%","3,291","8.4%","6,527","5.8%","19,232","10.1%","7,106","10.3%","7,285","16.4%","237,837","14.7%","21,137","11.7%","114,396","10.7%","85,489","11.8%","84,798","9.0%","247,976","15.4%","135,181","25.2%","34,671","10.6%","13,623","10.6%","88,419","21.1%","28,056","13.3%","214,817","21.2%","18,119","13.4%","6,543","9.4%","21,390","9.9%","31,165","12.0%","21,208","9.2%","2,505","6.2%","11,904","6.5%","56,612","13.5%","10,488","10.6%","3,468","11.5%"
"        Educational services, and health care and social assistance","192,425","21.8%","26,714","26.3%","136,359","23.6%","16,077","18.1%","99,819","24.1%","13,245","20.6%","15,528","25.1%","73,859","21.2%","11,372","21.6%","6,717","25.9%","1,031,614","20.6%","13,381","22.6%","29,119","21.6%","6,915","17.7%","23,331","20.9%","37,518","19.7%","13,412","19.5%","9,199","20.7%","310,346","19.2%","41,674","23.1%","218,169","20.4%","161,306","22.3%","204,139","21.6%","339,155","21.1%","96,416","18.0%","59,956","18.4%","29,274","22.8%","79,016","18.9%","47,847","22.7%","201,319","19.8%","30,833","22.8%","17,734","25.5%","51,176","23.7%","53,944","20.7%","48,682","21.2%","8,681","21.6%","40,945","22.5%","79,471","19.0%","27,121","27.5%","6,430","21.4%"
"        Arts, entertainment, and recreation, and accommodation and food services","72,367","8.2%","12,211","12.0%","49,021","8.5%","11,587","13.1%","32,621","7.9%","9,181","14.3%","4,748","7.7%","30,104","8.6%","4,707","8.9%","1,739","6.7%","583,853","11.7%","4,009","6.8%","11,717","8.7%","3,806","9.7%","9,488","8.5%","20,736","10.9%","9,777","14.2%","5,133","11.5%","179,336","11.1%","15,995","8.9%","128,099","12.0%","72,190","10.0%","90,238","9.5%","195,455","12.2%","56,854","10.6%","25,215","7.7%","14,470","11.3%","42,260","10.1%","23,761","11.3%","79,069","7.8%","14,771","10.9%","7,999","11.5%","18,526","8.6%","25,721","9.9%","18,978","8.3%","3,701","9.2%","16,915","9.3%","41,978","10.0%","13,264","13.4%","3,767","12.5%"
"        Other services, except public administration","43,136","4.9%","5,248","5.2%","33,142","5.7%","4,603","5.2%","19,417","4.7%","4,247","6.6%","1,777","2.9%","13,987","4.0%","2,306","4.4%","1,396","5.4%","299,053","6.0%","2,194","3.7%","8,031","6.0%","3,254","8.3%","6,119","5.5%","10,328","5.4%","2,838","4.1%","3,322","7.5%","89,031","5.5%","8,203","4.6%","53,142","5.0%","39,145","5.4%","46,734","4.9%","87,094","5.4%","24,544","4.6%","13,961","4.3%","7,084","5.5%","21,061","5.0%","9,685","4.6%","40,955","4.0%","6,603","4.9%","4,188","6.0%","8,245","3.8%","19,025","7.3%","10,612","4.6%","1,504","3.7%","7,897","4.3%","21,509","5.1%","3,912","4.0%","1,268","4.2%"
"        Public administration","29,163","3.3%","3,448","3.4%","22,630","3.9%","6,703","7.6%","25,140","6.1%","3,865","6.0%","4,610","7.5%","22,480","6.5%","7,097","13.5%","2,234","8.6%","160,552","3.2%","3,459","5.8%","4,935","3.7%","2,028","5.2%","4,545","4.1%","10,065","5.3%","2,638","3.8%","2,362","5.3%","46,214","2.9%","15,319","8.5%","48,839","4.6%","75,730","10.5%","52,495","5.5%","78,550","4.9%","17,048","3.2%","16,836","5.2%","7,334","5.7%","12,463","3.0%","9,943","4.7%","21,883","2.2%","4,543","3.4%","4,983","7.2%","16,998","7.9%","11,718","4.5%","10,479","4.6%","2,446","6.1%","10,677","5.9%","20,028","4.8%","7,795","7.9%","1,887","6.3%"
"CLASS OF WORKER","","","","","","","","","","","","","","","","","","","","","","","","","","","","","","","","","","","","","","","","","","","","","","","","","","","","","","","","","","","","","","","","","","","","","","","","","","","","","","","",""
"    Civilian employed population 16 years and over","882,648","882,648","101,385","101,385","577,749","577,749","88,702","88,702","414,515","414,515","64,215","64,215","61,830","61,830","348,493","348,493","52,644","52,644","25,891","25,891","5,001,369","5,001,369","59,187","59,187","134,656","134,656","39,072","39,072","111,737","111,737","190,707","190,707","68,939","68,939","44,505","44,505","1,613,730","1,613,730","180,107","180,107","1,069,565","1,069,565","723,076","723,076","946,515","946,515","1,606,430","1,606,430","536,653","536,653","326,352","326,352","128,406","128,406","418,073","418,073","210,598","210,598","1,014,217","1,014,217","135,393","135,393","69,649","69,649","216,357","216,357","259,984","259,984","229,483","229,483","40,133","40,133","182,312","182,312","419,074","419,074","98,657","98,657","30,058","30,058"
"        Private wage and salary workers","707,769","80.2%","77,058","76.0%","448,787","77.7%","63,133","71.2%","313,506","75.6%","43,970","68.5%","42,633","69.0%","271,620","77.9%","35,622","67.7%","16,664","64.4%","3,956,774","79.1%","44,898","75.9%","99,529","73.9%","26,814","68.6%","88,677","79.4%","147,826","77.5%","55,554","80.6%","28,731","64.6%","1,316,461","81.6%","135,396","75.2%","846,317","79.1%","520,329","72.0%","739,491","78.1%","1,266,551","78.8%","435,615","81.2%","265,781","81.4%","93,984","73.2%","345,867","82.7%","158,342","75.2%","858,913","84.7%","101,183","74.7%","50,206","72.1%","158,001","73.0%","195,890","75.3%","180,605","78.7%","29,324","73.1%","138,125","75.8%","330,181","78.8%","64,071","64.9%","22,993","76.5%"
"        Government workers","108,122","12.2%","15,040","14.8%","78,965","13.7%","15,466","17.4%","74,761","18.0%","12,452","19.4%","14,995","24.3%","54,170","15.5%","13,306","25.3%","5,867","22.7%","559,871","11.2%","10,708","18.1%","13,889","10.3%","4,904","12.6%","16,329","14.6%","28,534","15.0%","7,575","11.0%","6,474","14.5%","163,505","10.1%","29,159","16.2%","145,388","13.6%","148,653","20.6%","144,774","15.3%","212,049","13.2%","58,790","11.0%","42,794","13.1%","23,188","18.1%","42,200","10.1%","33,907","16.1%","92,968","9.2%","20,135","14.9%","13,275","19.1%","42,866","19.8%","34,456","13.3%","32,858","14.3%","6,770","16.9%","28,789","15.8%","51,716","12.3%","26,084","26.4%","4,188","13.9%"
"        Self-employed in own not incorporated business workers","65,472","7.4%","9,287","9.2%","49,465","8.6%","10,021","11.3%","25,386","6.1%","7,453","11.6%","4,202","6.8%","22,535","6.5%","3,716","7.1%","3,360","13.0%","475,074","9.5%","3,481","5.9%","21,121","15.7%","7,315","18.7%","6,685","6.0%","13,987","7.3%","5,606","8.1%","9,241","20.8%","129,678","8.0%","15,377","8.5%","75,878","7.1%","53,136","7.3%","61,029","6.4%","125,563","7.8%","41,826","7.8%","17,631","5.4%","10,809","8.4%","29,612","7.1%","17,893","8.5%","61,079","6.0%","13,703","10.1%","6,102","8.8%","15,118","7.0%","29,372","11.3%","15,737","6.9%","3,765","9.4%","15,030","8.2%","36,157","8.6%","8,375","8.5%","2,839","9.4%"
"        Unpaid family workers","1,285","0.1%","0","0.0%","532","0.1%","82","0.1%","862","0.2%","340","0.5%","0","0.0%","168","0.0%","0","0.0%","0","0.0%","9,650","0.2%","100","0.2%","117","0.1%","39","0.1%","46","0.0%","360","0.2%","204","0.3%","59","0.1%","4,086","0.3%","175","0.1%","1,982","0.2%","958","0.1%","1,221","0.1%","2,267","0.1%","422","0.1%","146","0.0%","425","0.3%","394","0.1%","456","0.2%","1,257","0.1%","372","0.3%","66","0.1%","372","0.2%","266","0.1%","283","0.1%","274","0.7%","368","0.2%","1,020","0.2%","127","0.1%","38","0.1%"
"INCOME AND BENEFITS (IN 2018 INFLATION-ADJUSTED DOLLARS)","","","","","","","","","","","","","","","","","","","","","","","","","","","","","","","","","","","","","","","","","","","","","","","","","","","","","","","","","","","","","","","","","","","","","","","","","","","","","","","",""
"    Total households","575,410","575,410","88,636","88,636","396,133","396,133","72,774","72,774","309,519","309,519","55,773","55,773","41,764","41,764","273,167","273,167","43,727","43,727","26,774","26,774","3,313,908","3,313,908","44,484","44,484","104,954","104,954","33,794","33,794","79,487","79,487","126,299","126,299","47,315","47,315","41,447","41,447","1,040,394","1,040,394","144,691","144,691","728,103","728,103","543,560","543,560","638,647","638,647","1,130,911","1,130,911","362,827","362,827","231,917","231,917","106,198","106,198","259,654","259,654","146,224","146,224","645,108","645,108","94,994","94,994","68,198","68,198","152,291","152,291","187,434","187,434","175,171","175,171","31,989","31,989","139,197","139,197","271,980","271,980","74,428","74,428","26,191","26,191"
"        Less than $10,000","24,297","4.2%","5,928","6.7%","12,542","3.2%","3,406","4.7%","20,872","6.7%","3,235","5.8%","3,998","9.6%","21,121","7.7%","2,901","6.6%","1,584","5.9%","198,451","6.0%","2,315","5.2%","3,381","3.2%","1,447","4.3%","5,086","6.4%","4,412","3.5%","1,543","3.3%","1,920","4.6%","47,197","4.5%","5,754","4.0%","42,146","5.8%","28,891","5.3%","33,089","5.2%","48,592","4.3%","19,249","5.3%","10,934","4.7%","6,829","6.4%","8,435","3.2%","7,190","4.9%","20,362","3.2%","5,046","5.3%","5,001","7.3%","6,082","4.0%","7,467","4.0%","9,012","5.1%","1,731","5.4%","11,462","8.2%","9,811","3.6%","5,961","8.0%","1,265","4.8%"
"        $10,000 to $14,999","17,340","3.0%","5,835","6.6%","11,522","2.9%","2,227","3.1%","17,485","5.6%","4,191","7.5%","3,311","7.9%","15,671","5.7%","1,689","3.9%","1,976","7.4%","151,726","4.6%","1,997","4.5%","2,614","2.5%","2,489","7.4%","4,130","5.2%","3,774","3.0%","1,062","2.2%","2,158","5.2%","28,900","2.8%","4,273","3.0%","27,288","3.7%","22,824","4.2%","29,165","4.6%","38,634","3.4%","15,700","4.3%","9,882","4.3%","3,188","3.0%","6,549","2.5%","4,600","3.1%","15,187","2.4%","2,859","3.0%","4,147","6.1%","3,409","2.2%","5,147","2.7%","7,644","4.4%","1,250","3.9%","10,238","7.4%","7,742","2.8%","3,335","4.5%","1,784","6.8%"
"        $15,000 to $24,999","31,053","5.4%","10,258","11.6%","19,817","5.0%","4,445","6.1%","35,909","11.6%","7,084","12.7%","4,924","11.8%","29,609","10.8%","2,603","6.0%","2,820","10.5%","270,939","8.2%","3,892","8.7%","3,976","3.8%","3,737","11.1%","7,356","9.3%","9,213","7.3%","3,071","6.5%","3,557","8.6%","59,664","5.7%","9,116","6.3%","65,857","9.0%","44,494","8.2%","56,439","8.8%","74,006","6.5%","21,691","6.0%","22,470","9.7%","7,155","6.7%","10,643","4.1%","9,237","6.3%","28,523","4.4%","6,829","7.2%","5,829","8.5%","7,716","5.1%","12,605","6.7%","17,951","10.2%","3,040","9.5%","15,716","11.3%","16,250","6.0%","5,541","7.4%","2,465","9.4%"
"        $25,000 to $34,999","27,607","4.8%","9,759","11.0%","18,634","4.7%","5,145","7.1%","31,735","10.3%","6,060","10.9%","3,312","7.9%","29,118","10.7%","4,141","9.5%","3,097","11.6%","259,214","7.8%","4,184","9.4%","4,221","4.0%","3,554","10.5%","8,792","11.1%","10,711","8.5%","3,418","7.2%","3,517","8.5%","60,152","5.8%","11,072","7.7%","61,068","8.4%","40,167","7.4%","54,067","8.5%","79,018","7.0%","17,671","4.9%","18,935","8.2%","7,002","6.6%","11,396","4.4%","11,471","7.8%","26,016","4.0%","5,688","6.0%","6,179","9.1%","6,806","4.5%","12,562","6.7%","15,688","9.0%","3,008","9.4%","13,994","10.1%","16,789","6.2%","6,638","8.9%","3,157","12.1%"
"        $35,000 to $49,999","43,093","7.5%","11,353","12.8%","33,193","8.4%","6,092","8.4%","41,520","13.4%","7,100","12.7%","5,571","13.3%","36,733","13.4%","5,671","13.0%","4,198","15.7%","370,725","11.2%","7,284","16.4%","7,027","6.7%","5,014","14.8%","9,899","12.5%","14,379","11.4%","3,974","8.4%","5,229","12.6%","91,982","8.8%","12,360","8.5%","82,796","11.4%","62,056","11.4%","74,761","11.7%","119,170","10.5%","23,032","6.3%","27,838","12.0%","11,689","11.0%","13,735","5.3%","14,556","10.0%","40,254","6.2%","8,968","9.4%","9,535","14.0%","15,821","10.4%","19,491","10.4%","22,344","12.8%","4,336","13.6%","19,519","14.0%","29,478","10.8%","7,439","10.0%","4,933","18.8%"
"        $50,000 to $74,999","75,744","13.2%","14,598","16.5%","49,744","12.6%","10,848","14.9%","53,981","17.4%","11,658","20.9%","7,105","17.0%","47,482","17.4%","10,238","23.4%","5,264","19.7%","537,381","16.2%","9,685","21.8%","11,540","11.0%","7,239","21.4%","14,350","18.1%","24,000","19.0%","7,511","15.9%","5,939","14.3%","152,435","14.7%","20,294","14.0%","124,204","17.1%","92,332","17.0%","117,125","18.3%","181,317","16.0%","36,650","10.1%","41,781","18.0%","19,442","18.3%","26,556","10.2%","23,857","16.3%","68,824","10.7%","12,895","13.6%","12,403","18.2%","26,591","17.5%","29,303","15.6%","34,011","19.4%","6,032","18.9%","23,799","17.1%","38,372","14.1%","11,230","15.1%","3,529","13.5%"
"        $75,000 to $99,999","60,785","10.6%","9,422","10.6%","47,850","12.1%","10,720","14.7%","36,306","11.7%","6,152","11.0%","6,605","15.8%","31,857","11.7%","5,513","12.6%","2,142","8.0%","408,109","12.3%","5,044","11.3%","10,842","10.3%","3,712","11.0%","11,914","15.0%","17,024","13.5%","6,202","13.1%","5,550","13.4%","130,010","12.5%","18,776","13.0%","92,984","12.8%","72,755","13.4%","88,963","13.9%","142,654","12.6%","32,079","8.8%","30,594","13.2%","12,707","12.0%","28,229","10.9%","19,563","13.4%","62,048","9.6%","10,687","11.3%","7,882","11.6%","22,948","15.1%","25,055","13.4%","21,278","12.1%","4,263","13.3%","15,216","10.9%","39,235","14.4%","9,870","13.3%","3,316","12.7%"
"        $100,000 to $149,999","103,652","18.0%","12,076","13.6%","76,528","19.3%","13,170","18.1%","41,931","13.5%","6,398","11.5%","4,950","11.9%","35,158","12.9%","6,827","15.6%","2,760","10.3%","529,072","16.0%","6,097","13.7%","18,020","17.2%","4,093","12.1%","11,355","14.3%","20,603","16.3%","8,949","18.9%","7,370","17.8%","192,202","18.5%","27,789","19.2%","121,176","16.6%","94,125","17.3%","103,087","16.1%","205,637","18.2%","51,605","14.2%","36,881","15.9%","18,535","17.5%","43,975","16.9%","25,047","17.1%","109,367","17.0%","16,068","16.9%","10,745","15.8%","32,006","21.0%","35,289","18.8%","27,837","15.9%","5,040","15.8%","16,409","11.8%","51,546","19.0%","11,298","15.2%","3,417","13.0%"
"        $150,000 to $199,999","70,522","12.3%","5,213","5.9%","46,167","11.7%","6,568","9.0%","15,995","5.2%","2,285","4.1%","1,026","2.5%","14,733","5.4%","2,601","5.9%","1,628","6.1%","250,855","7.6%","2,016","4.5%","13,343","12.7%","1,260","3.7%","3,175","4.0%","10,210","8.1%","5,273","11.1%","2,982","7.2%","118,762","11.4%","14,979","10.4%","57,312","7.9%","47,421","8.7%","43,986","6.9%","113,882","10.1%","41,684","11.5%","17,892","7.7%","9,846","9.3%","33,187","12.8%","13,797","9.4%","84,082","13.0%","10,199","10.7%","3,615","5.3%","15,861","10.4%","19,841","10.6%","10,025","5.7%","1,847","5.8%","6,301","4.5%","28,902","10.6%","5,456","7.3%","2,008","7.7%"
"        $200,000 or more","121,317","21.1%","4,194","4.7%","80,136","20.2%","10,153","14.0%","13,785","4.5%","1,610","2.9%","962","2.3%","11,685","4.3%","1,543","3.5%","1,305","4.9%","337,436","10.2%","1,970","4.4%","29,990","28.6%","1,249","3.7%","3,430","4.3%","11,973","9.5%","6,312","13.3%","3,225","7.8%","159,090","15.3%","20,278","14.0%","53,272","7.3%","38,495","7.1%","37,965","5.9%","128,001","11.3%","103,466","28.5%","14,710","6.3%","9,805","9.2%","76,949","29.6%","16,906","11.6%","190,445","29.5%","15,755","16.6%","2,862","4.2%","15,051","9.9%","20,674","11.0%","9,381","5.4%","1,442","4.5%","6,543","4.7%","33,855","12.4%","7,660","10.3%","317","1.2%"
"        Median household income (dollars)","102,125","(X)","51,652","(X)","101,618","(X)","82,742","(X)","52,629","(X)","50,294","(X)","48,984","(X)","51,579","(X)","61,663","(X)","48,554","(X)","68,093","(X)","56,305","(X)","126,373","(X)","51,830","(X)","57,745","(X)","70,681","(X)","87,025","(X)","66,299","(X)","89,759","(X)","88,592","(X)","66,964","(X)","69,767","(X)","63,857","(X)","79,079","(X)","112,376","(X)","64,119","(X)","71,148","(X)","124,425","(X)","77,472","(X)","126,606","(X)","86,941","(X)","56,280","(X)","84,395","(X)","81,395","(X)","60,321","(X)","59,121","(X)","48,817","(X)","84,566","(X)","68,670","(X)","46,574","(X)"
"        Mean household income (dollars)","134,377","(X)","72,948","(X)","137,621","(X)","108,803","(X)","72,519","(X)","64,549","(X)","60,686","(X)","71,441","(X)","74,030","(X)","71,170","(X)","98,977","(X)","71,817","(X)","172,907","(X)","66,691","(X)","76,713","(X)","100,358","(X)","112,978","(X)","86,835","(X)","122,301","(X)","111,541","(X)","89,761","(X)","89,707","(X)","82,105","(X)","106,237","(X)","166,893","(X)","84,697","(X)","96,520","(X)","176,077","(X)","110,655","(X)","170,966","(X)","119,608","(X)","71,942","(X)","102,658","(X)","108,278","(X)","78,370","(X)","81,131","(X)","71,856","(X)","110,437","(X)","94,082","(X)","64,235","(X)"
"        With earnings","482,644","83.9%","63,530","71.7%","321,309","81.1%","54,049","74.3%","244,168","78.9%","41,665","74.7%","32,166","77.0%","214,415","78.5%","35,058","80.2%","17,592","65.7%","2,743,060","82.8%","33,177","74.6%","82,510","78.6%","24,941","73.8%","63,319","79.7%","102,869","81.4%","36,663","77.5%","28,542","68.9%","853,474","82.0%","106,480","73.6%","565,348","77.6%","427,712","78.7%","514,375","80.5%","926,184","81.9%","293,894","81.0%","185,532","80.0%","77,197","72.7%","217,233","83.7%","117,260","80.2%","550,143","85.3%","76,126","80.1%","46,154","67.7%","124,492","81.7%","144,681","77.2%","138,194","78.9%","24,460","76.5%","109,715","78.8%","218,958","80.5%","60,158","80.8%","18,869","72.0%"
"            Mean earnings (dollars)","137,745","(X)","73,491","(X)","138,596","(X)","108,903","(X)","73,144","(X)","58,068","(X)","62,724","(X)","72,913","(X)","72,553","(X)","77,297","(X)","99,981","(X)","69,093","(X)","168,353","(X)","60,884","(X)","77,016","(X)","93,983","(X)","107,450","(X)","81,623","(X)","121,791","(X)","115,267","(X)","89,642","(X)","90,253","(X)","84,236","(X)","103,702","(X)","175,009","(X)","84,845","(X)","92,126","(X)","175,406","(X)","95,763","(X)","173,876","(X)","116,221","(X)","73,095","(X)","99,605","(X)","102,923","(X)","80,702","(X)","76,544","(X)","70,841","(X)","108,404","(X)","89,807","(X)","64,361","(X)"
"        With Social Security","137,141","23.8%","31,416","35.4%","116,619","29.4%","27,391","37.6%","82,648","26.7%","18,046","32.4%","14,103","33.8%","75,176","27.5%","12,409","28.4%","11,726","43.8%","834,523","25.2%","15,722","35.3%","35,561","33.9%","13,666","40.4%","22,679","28.5%","39,957","31.6%","16,210","34.3%","18,194","43.9%","281,601","27.1%","47,976","33.2%","234,504","32.2%","153,223","28.2%","173,961","27.2%","302,897","26.8%","85,478","23.6%","66,334","28.6%","38,346","36.1%","73,204","28.2%","45,277","31.0%","149,113","23.1%","31,759","33.4%","29,656","43.5%","46,227","30.4%","67,459","36.0%","53,857","30.7%","10,693","33.4%","39,202","28.2%","89,358","32.9%","19,134","25.7%","9,224","35.2%"
"            Mean Social Security income (dollars)","18,831","(X)","17,985","(X)","21,217","(X)","20,476","(X)","17,373","(X)","19,070","(X)","16,151","(X)","16,735","(X)","16,236","(X)","17,186","(X)","17,850","(X)","18,637","(X)","22,739","(X)","18,218","(X)","16,878","(X)","18,930","(X)","21,671","(X)","20,030","(X)","20,360","(X)","21,465","(X)","19,202","(X)","18,273","(X)","17,509","(X)","19,255","(X)","18,545","(X)","17,943","(X)","20,522","(X)","21,392","(X)","20,576","(X)","21,274","(X)","20,431","(X)","19,115","(X)","19,611","(X)","20,194","(X)","18,331","(X)","17,408","(X)","16,436","(X)","20,328","(X)","18,073","(X)","17,982","(X)"
"        With retirement income","92,826","16.1%","18,585","21.0%","77,556","19.6%","18,301","25.1%","50,664","16.4%","12,420","22.3%","6,275","15.0%","39,589","14.5%","8,802","20.1%","6,866","25.6%","384,560","11.6%","9,060","20.4%","20,940","20.0%","6,725","19.9%","12,695","16.0%","23,230","18.4%","11,357","24.0%","10,746","25.9%","165,117","15.9%","34,739","24.0%","126,717","17.4%","109,603","20.2%","101,016","15.8%","207,276","18.3%","44,333","12.2%","40,458","17.4%","24,201","22.8%","41,876","16.1%","27,081","18.5%","87,589","13.6%","18,672","19.7%","16,000","23.5%","38,249","25.1%","43,670","23.3%","29,454","16.8%","6,905","21.6%","23,112","16.6%","53,139","19.5%","13,088","17.6%","6,465","24.7%"
"            Mean retirement income (dollars)","33,781","(X)","31,316","(X)","38,728","(X)","41,568","(X)","28,569","(X)","26,614","(X)","21,386","(X)","32,802","(X)","29,170","(X)","25,039","(X)","33,920","(X)","30,806","(X)","45,829","(X)","29,799","(X)","29,028","(X)","36,744","(X)","35,448","(X)","39,683","(X)","37,804","(X)","38,660","(X)","32,454","(X)","36,985","(X)","31,186","(X)","33,980","(X)","37,843","(X)","30,801","(X)","41,208","(X)","39,407","(X)","37,278","(X)","36,439","(X)","36,084","(X)","29,413","(X)","36,844","(X)","34,134","(X)","24,208","(X)","40,561","(X)","24,595","(X)","35,601","(X)","39,464","(X)","24,583","(X)"
"        With Supplemental Security Income","29,877","5.2%","7,462","8.4%","18,803","4.7%","3,447","4.7%","25,514","8.2%","5,114","9.2%","4,159","10.0%","20,678","7.6%","2,992","6.8%","1,981","7.4%","227,348","6.9%","3,643","8.2%","2,624","2.5%","2,896","8.6%","7,138","9.0%","5,710","4.5%","2,033","4.3%","2,296","5.5%","45,696","4.4%","5,290","3.7%","40,490","5.6%","40,647","7.5%","45,028","7.1%","56,327","5.0%","23,532","6.5%","19,915","8.6%","4,817","4.5%","7,317","2.8%","5,712","3.9%","33,328","5.2%","5,224","5.5%","5,653","8.3%","7,961","5.2%","9,556","5.1%","13,465","7.7%","2,680","8.4%","10,151","7.3%","10,944","4.0%","3,926","5.3%","3,308","12.6%"
"            Mean Supplemental Security Income (dollars)","10,611","(X)","10,516","(X)","10,717","(X)","9,038","(X)","9,471","(X)","9,678","(X)","7,268","(X)","11,059","(X)","10,186","(X)","10,384","(X)","9,890","(X)","9,785","(X)","9,605","(X)","11,228","(X)","10,249","(X)","9,881","(X)","11,818","(X)","9,159","(X)","9,885","(X)","11,242","(X)","10,090","(X)","10,304","(X)","10,183","(X)","10,096","(X)","9,620","(X)","9,982","(X)","10,208","(X)","9,641","(X)","10,655","(X)","10,273","(X)","9,327","(X)","9,879","(X)","10,711","(X)","10,264","(X)","11,274","(X)","9,446","(X)","10,335","(X)","9,083","(X)","8,734","(X)","9,666","(X)"
"        With cash public assistance income","24,482","4.3%","2,820","3.2%","8,861","2.2%","2,387","3.3%","22,227","7.2%","1,754","3.1%","2,071","5.0%","15,899","5.8%","2,085","4.8%","839","3.1%","106,448","3.2%","3,779","8.5%","528","0.5%","1,464","4.3%","5,096","6.4%","2,570","2.0%","2,013","4.3%","947","2.3%","21,123","2.0%","2,035","1.4%","22,450","3.1%","20,748","3.8%","24,844","3.9%","27,394","2.4%","8,979","2.5%","9,864","4.3%","1,771","1.7%","3,495","1.3%","3,336","2.3%","9,794","1.5%","1,727","1.8%","3,178","4.7%","3,837","2.5%","3,351","1.8%","7,131","4.1%","1,027","3.2%","12,014","8.6%","5,044","1.9%","4,076","5.5%","1,857","7.1%"
"            Mean cash public assistance income (dollars)","4,019","(X)","5,091","(X)","4,005","(X)","3,279","(X)","3,914","(X)","4,076","(X)","4,213","(X)","5,570","(X)","3,219","(X)","3,021","(X)","4,489","(X)","4,341","(X)","4,858","(X)","5,154","(X)","5,658","(X)","4,175","(X)","5,115","(X)","2,737","(X)","4,095","(X)","5,978","(X)","4,446","(X)","5,008","(X)","4,750","(X)","4,149","(X)","4,354","(X)","4,492","(X)","4,743","(X)","5,304","(X)","4,536","(X)","5,004","(X)","2,681","(X)","4,218","(X)","3,908","(X)","5,351","(X)","5,352","(X)","3,445","(X)","3,252","(X)","3,798","(X)","3,534","(X)","3,159","(X)"
"        With Food Stamp/SNAP benefits in the past 12 months","37,052","6.4%","10,120","11.4%","23,201","5.9%","4,588","6.3%","55,429","17.9%","7,379","13.2%","8,278","19.8%","47,339","17.3%","7,078","16.2%","3,297","12.3%","275,918","8.3%","7,443","16.7%","1,595","1.5%","3,139","9.3%","11,651","14.7%","9,977","7.9%","3,499","7.4%","2,238","5.4%","61,341","5.9%","4,225","2.9%","59,370","8.2%","57,716","10.6%","81,338","12.7%","82,539","7.3%","16,657","4.6%","35,737","15.4%","4,612","4.3%","8,320","3.2%","12,732","8.7%","26,570","4.1%","9,139","9.6%","8,238","12.1%","10,945","7.2%","8,631","4.6%","24,010","13.7%","3,458","10.8%","28,329","20.4%","20,445","7.5%","7,892","10.6%","3,657","14.0%"
"    Families","381,320","381,320","51,467","51,467","285,418","285,418","49,875","49,875","220,824","220,824","29,581","29,581","30,792","30,792","201,894","201,894","33,774","33,774","16,035","16,035","2,193,349","2,193,349","33,834","33,834","67,597","67,597","21,433","21,433","57,977","57,977","92,949","92,949","33,064","33,064","25,779","25,779","735,186","735,186","99,968","99,968","524,194","524,194","359,266","359,266","486,914","486,914","761,247","761,247","178,643","178,643","174,492","174,492","67,284","67,284","182,198","182,198","100,497","100,497","461,799","461,799","62,397","62,397","45,982","45,982","108,587","108,587","118,022","118,022","128,261","128,261","23,427","23,427","103,190","103,190","194,306","194,306","46,437","46,437","17,889","17,889"
"        Less than $10,000","9,110","2.4%","2,312","4.5%","6,330","2.2%","1,126","2.3%","12,552","5.7%","994","3.4%","2,092","6.8%","11,983","5.9%","1,989","5.9%","776","4.8%","82,282","3.8%","1,577","4.7%","1,544","2.3%","875","4.1%","3,619","6.2%","1,876","2.0%","676","2.0%","507","2.0%","22,077","3.0%","2,503","2.5%","17,074","3.3%","13,555","3.8%","20,209","4.2%","21,062","2.8%","4,492","2.5%","6,522","3.7%","2,736","4.1%","3,170","1.7%","2,426","2.4%","7,427","1.6%","1,779","2.9%","2,164","4.7%","2,732","2.5%","3,192","2.7%","4,870","3.8%","768","3.3%","5,747","5.6%","4,590","2.4%","2,438","5.3%","634","3.5%"
"        $10,000 to $14,999","4,131","1.1%","1,200","2.3%","4,591","1.6%","732","1.5%","7,987","3.6%","1,071","3.6%","1,887","6.1%","7,497","3.7%","937","2.8%","590","3.7%","50,660","2.3%","1,716","5.1%","475","0.7%","623","2.9%","2,009","3.5%","2,233","2.4%","450","1.4%","399","1.5%","12,373","1.7%","1,865","1.9%","10,058","1.9%","7,192","2.0%","13,043","2.7%","13,097","1.7%","2,332","1.3%","4,740","2.7%","1,153","1.7%","2,268","1.2%","1,309","1.3%","5,339","1.2%","795","1.3%","954","2.1%","1,745","1.6%","1,243","1.1%","3,512","2.7%","800","3.4%","5,747","5.6%","2,910","1.5%","823","1.8%","599","3.3%"
"        $15,000 to $24,999","13,857","3.6%","4,316","8.4%","9,807","3.4%","1,515","3.0%","20,513","9.3%","2,609","8.8%","2,901","9.4%","19,001","9.4%","2,425","7.2%","896","5.6%","162,483","7.4%","2,832","8.4%","857","1.3%","1,979","9.2%","3,615","6.2%","5,863","6.3%","1,577","4.8%","1,791","6.9%","33,466","4.6%","2,790","2.8%","34,638","6.6%","23,806","6.6%","36,826","7.6%","40,473","5.3%","8,185","4.6%","14,819","8.5%","2,379","3.5%","5,203","2.9%","6,484","6.5%","14,522","3.1%","2,539","4.1%","3,036","6.6%","3,726","3.4%","4,703","4.0%","10,464","8.2%","1,798","7.7%","9,966","9.7%","7,912","4.1%","2,842","6.1%","1,386","7.7%"
"        $25,000 to $34,999","13,816","3.6%","5,365","10.4%","12,009","4.2%","2,341","4.7%","22,785","10.3%","2,545","8.6%","2,738","8.9%","21,160","10.5%","3,425","10.1%","1,593","9.9%","169,377","7.7%","2,232","6.6%","1,408","2.1%","1,427","6.7%","5,248","9.1%","6,899","7.4%","2,160","6.5%","1,501","5.8%","37,922","5.2%","5,912","5.9%","39,257","7.5%","24,519","6.8%","37,886","7.8%","49,739","6.5%","8,299","4.6%","12,283","7.0%","3,575","5.3%","7,122","3.9%","7,641","7.6%","14,445","3.1%","3,024","4.8%","3,483","7.6%","4,540","4.2%","6,346","5.4%","12,165","9.5%","2,177","9.3%","10,066","9.8%","11,648","6.0%","2,619","5.6%","1,990","11.1%"
"        $35,000 to $49,999","25,942","6.8%","6,521","12.7%","22,731","8.0%","3,314","6.6%","30,630","13.9%","3,721","12.6%","4,977","16.2%","29,285","14.5%","3,954","11.7%","2,120","13.2%","248,018","11.3%","5,614","16.6%","3,541","5.2%","3,260","15.2%","7,894","13.6%","10,569","11.4%","2,349","7.1%","2,765","10.7%","59,344","8.1%","6,916","6.9%","58,947","11.2%","36,746","10.2%","57,585","11.8%","76,951","10.1%","11,063","6.2%","21,462","12.3%","7,072","10.5%","7,639","4.2%","9,598","9.6%","26,212","5.7%","6,128","9.8%","6,597","14.3%","10,514","9.7%","9,571","8.1%","17,121","13.3%","2,640","11.3%","15,617","15.1%","19,107","9.8%","4,147","8.9%","3,358","18.8%"
"        $50,000 to $74,999","46,857","12.3%","8,923","17.3%","33,428","11.7%","7,746","15.5%","38,693","17.5%","6,863","23.2%","5,036","16.4%","35,909","17.8%","8,196","24.3%","3,350","20.9%","361,460","16.5%","8,113","24.0%","4,756","7.0%","5,013","23.4%","11,281","19.5%","17,741","19.1%","4,965","15.0%","4,171","16.2%","101,121","13.8%","13,530","13.5%","94,216","18.0%","60,136","16.7%","90,562","18.6%","116,898","15.4%","18,329","10.3%","32,340","18.5%","10,787","16.0%","17,062","9.4%","16,386","16.3%","45,899","9.9%","7,743","12.4%","9,494","20.6%","17,033","15.7%","17,411","14.8%","24,796","19.3%","4,939","21.1%","17,788","17.2%","26,122","13.4%","6,924","14.9%","2,031","11.4%"
"        $75,000 to $99,999","41,123","10.8%","6,945","13.5%","31,850","11.2%","8,010","16.1%","27,299","12.4%","4,132","14.0%","5,037","16.4%","24,746","12.3%","3,935","11.7%","1,898","11.8%","282,595","12.9%","3,676","10.9%","6,267","9.3%","2,699","12.6%","9,796","16.9%","13,160","14.2%","4,865","14.7%","3,530","13.7%","90,394","12.3%","13,569","13.6%","75,333","14.4%","52,041","14.5%","70,057","14.4%","93,475","12.3%","18,386","10.3%","24,385","14.0%","8,886","13.2%","19,489","10.7%","13,661","13.6%","42,873","9.3%","6,482","10.4%","6,748","14.7%","17,134","15.8%","17,100","14.5%","16,412","12.8%","3,190","13.6%","12,201","11.8%","29,910","15.4%","7,360","15.8%","2,995","16.7%"
"        $100,000 to $149,999","72,094","18.9%","8,817","17.1%","60,007","21.0%","10,854","21.8%","33,976","15.4%","4,739","16.0%","4,329","14.1%","29,288","14.5%","5,117","15.2%","2,043","12.7%","383,678","17.5%","5,145","15.2%","12,807","18.9%","3,453","16.1%","8,791","15.2%","16,001","17.2%","6,549","19.8%","5,843","22.7%","148,307","20.2%","22,404","22.4%","100,369","19.1%","70,929","19.7%","88,765","18.2%","153,165","20.1%","25,689","14.4%","30,390","17.4%","13,932","20.7%","31,862","17.5%","18,889","18.8%","80,277","17.4%","12,838","20.6%","7,780","16.9%","24,729","22.8%","26,341","22.3%","22,338","17.4%","4,376","18.7%","14,493","14.0%","39,971","20.6%","7,963","17.1%","2,825","15.8%"
"        $150,000 to $199,999","52,080","13.7%","4,102","8.0%","35,762","12.5%","5,295","10.6%","13,471","6.1%","1,590","5.4%","1,029","3.3%","13,035","6.5%","2,396","7.1%","1,621","10.1%","188,639","8.6%","1,796","5.3%","9,968","14.7%","1,006","4.7%","2,694","4.6%","8,437","9.1%","4,029","12.2%","2,258","8.8%","96,865","13.2%","13,355","13.4%","49,087","9.4%","38,544","10.7%","39,180","8.0%","90,979","12.0%","21,521","12.0%","14,658","8.4%","8,619","12.8%","24,944","13.7%","11,110","11.1%","66,609","14.4%","8,418","13.5%","3,389","7.4%","13,519","12.4%","15,164","12.8%","8,734","6.8%","1,594","6.8%","5,826","5.6%","23,654","12.2%","5,075","10.9%","1,754","9.8%"
"        $200,000 or more","102,310","26.8%","2,966","5.8%","68,903","24.1%","8,942","17.9%","12,918","5.8%","1,317","4.5%","766","2.5%","9,990","4.9%","1,400","4.1%","1,148","7.2%","264,157","12.0%","1,133","3.3%","25,974","38.4%","1,098","5.1%","3,030","5.2%","10,170","10.9%","5,444","16.5%","3,014","11.7%","133,317","18.1%","17,124","17.1%","45,215","8.6%","31,798","8.9%","32,801","6.7%","105,408","13.8%","60,347","33.8%","12,893","7.4%","8,145","12.1%","63,439","34.8%","12,993","12.9%","158,196","34.3%","12,651","20.3%","2,337","5.1%","12,915","11.9%","16,951","14.4%","7,849","6.1%","1,145","4.9%","5,739","5.6%","28,482","14.7%","6,246","13.5%","317","1.8%"
"        Median family income (dollars)","123,476","(X)","65,419","(X)","113,973","(X)","100,420","(X)","60,114","(X)","62,151","(X)","53,797","(X)","57,105","(X)","62,931","(X)","64,197","(X)","76,551","(X)","60,189","(X)","155,890","(X)","63,009","(X)","63,472","(X)","77,394","(X)","97,069","(X)","85,930","(X)","102,047","(X)","102,462","(X)","76,938","(X)","81,058","(X)","70,981","(X)","90,981","(X)","131,253","(X)","70,745","(X)","93,540","(X)","144,622","(X)","86,170","(X)","144,690","(X)","107,017","(X)","66,468","(X)","94,974","(X)","98,849","(X)","65,936","(X)","65,511","(X)","55,369","(X)","94,483","(X)","84,770","(X)","61,931","(X)"
"        Mean family income (dollars)","155,314","(X)","84,745","(X)","153,649","(X)","127,499","(X)","81,012","(X)","77,202","(X)","66,207","(X)","78,080","(X)","76,869","(X)","90,875","(X)","109,652","(X)","73,203","(X)","212,730","(X)","78,467","(X)","85,395","(X)","108,855","(X)","126,066","(X)","106,225","(X)","135,550","(X)","128,966","(X)","100,651","(X)","100,958","(X)","89,049","(X)","119,407","(X)","198,515","(X)","91,569","(X)","112,737","(X)","198,920","(X)","119,581","(X)","191,428","(X)","139,096","(X)","82,871","(X)","112,970","(X)","125,807","(X)","85,015","(X)","90,273","(X)","80,237","(X)","122,234","(X)","112,062","(X)","73,608","(X)"
"    Per capita income (dollars)","48,595","(X)","28,915","(X)","48,968","(X)","43,133","(X)","23,834","(X)","27,406","(X)","16,920","(X)","22,778","(X)","22,628","(X)","29,537","(X)","34,115","(X)","21,901","(X)","70,928","(X)","26,939","(X)","23,711","(X)","30,674","(X)","40,470","(X)","37,645","(X)","41,722","(X)","42,384","(X)","28,961","(X)","32,748","(X)","25,486","(X)","37,841","(X)","71,606","(X)","27,217","(X)","36,924","(X)","62,017","(X)","37,172","(X)","58,588","(X)","42,131","(X)","28,144","(X)","35,820","(X)","41,985","(X)","26,191","(X)","27,657","(X)","22,606","(X)","36,791","(X)","32,604","(X)","22,994","(X)"
"    Nonfamily households","194,090","194,090","37,169","37,169","110,715","110,715","22,899","22,899","88,695","88,695","26,192","26,192","10,972","10,972","71,273","71,273","9,953","9,953","10,739","10,739","1,120,559","1,120,559","10,650","10,650","37,357","37,357","12,361","12,361","21,510","21,510","33,350","33,350","14,251","14,251","15,668","15,668","305,208","305,208","44,723","44,723","203,909","203,909","184,294","184,294","151,733","151,733","369,664","369,664","184,184","184,184","57,425","57,425","38,914","38,914","77,456","77,456","45,727","45,727","183,309","183,309","32,597","32,597","22,216","22,216","43,704","43,704","69,412","69,412","46,910","46,910","8,562","8,562","36,007","36,007","77,674","77,674","27,991","27,991","8,302","8,302"
"        Median nonfamily income (dollars)","61,686","(X)","31,945","(X)","64,309","(X)","45,644","(X)","31,045","(X)","32,557","(X)","24,660","(X)","30,238","(X)","48,665","(X)","28,977","(X)","46,861","(X)","35,650","(X)","60,930","(X)","31,598","(X)","31,420","(X)","44,104","(X)","56,561","(X)","36,367","(X)","56,926","(X)","46,420","(X)","33,989","(X)","46,855","(X)","36,572","(X)","53,133","(X)","88,771","(X)","38,087","(X)","44,116","(X)","76,920","(X)","50,377","(X)","76,088","(X)","49,040","(X)","29,470","(X)","58,341","(X)","50,032","(X)","37,044","(X)","38,658","(X)","25,387","(X)","50,398","(X)","37,352","(X)","30,672","(X)"
"        Mean nonfamily income (dollars)","87,101","(X)","53,351","(X)","87,503","(X)","65,499","(X)","44,684","(X)","47,644","(X)","42,107","(X)","46,342","(X)","54,982","(X)","40,350","(X)","71,943","(X)","56,847","(X)","93,360","(X)","42,702","(X)","47,530","(X)","67,112","(X)","77,355","(X)","51,423","(X)","81,730","(X)","65,953","(X)","54,910","(X)","63,130","(X)","51,705","(X)","73,637","(X)","131,364","(X)","54,489","(X)","60,147","(X)","112,252","(X)","77,437","(X)","111,119","(X)","73,404","(X)","41,727","(X)","66,736","(X)","71,665","(X)","52,159","(X)","49,016","(X)","42,864","(X)","72,921","(X)","58,902","(X)","38,894","(X)"
"    Median earnings for workers (dollars)","52,049","(X)","28,589","(X)","47,591","(X)","42,127","(X)","29,226","(X)","24,351","(X)","24,295","(X)","28,046","(X)","32,168","(X)","31,813","(X)","33,635","(X)","26,557","(X)","60,489","(X)","26,757","(X)","28,852","(X)","30,039","(X)","37,855","(X)","34,785","(X)","40,419","(X)","46,607","(X)","31,936","(X)","37,071","(X)","32,086","(X)","36,890","(X)","65,393","(X)","34,023","(X)","31,917","(X)","56,288","(X)","29,099","(X)","57,158","(X)","32,448","(X)","30,955","(X)","42,004","(X)","35,799","(X)","32,907","(X)","31,254","(X)","26,704","(X)","36,491","(X)","31,653","(X)","28,356","(X)"
"    Median earnings for male full-time, year-round workers (dollars)","76,884","(X)","51,202","(X)","80,252","(X)","70,958","(X)","45,075","(X)","45,594","(X)","46,040","(X)","44,140","(X)","46,110","(X)","41,197","(X)","48,531","(X)","41,442","(X)","110,423","(X)","41,009","(X)","41,536","(X)","42,897","(X)","55,524","(X)","56,197","(X)","62,191","(X)","80,352","(X)","50,573","(X)","53,741","(X)","47,194","(X)","55,646","(X)","100,057","(X)","47,841","(X)","60,223","(X)","85,068","(X)","47,863","(X)","95,797","(X)","65,393","(X)","57,426","(X)","61,130","(X)","60,551","(X)","51,102","(X)","51,760","(X)","42,578","(X)","56,396","(X)","57,356","(X)","40,852","(X)"
"    Median earnings for female full-time, year-round workers (dollars)","64,506","(X)","39,523","(X)","61,969","(X)","55,704","(X)","39,692","(X)","34,614","(X)","38,112","(X)","36,237","(X)","44,562","(X)","36,855","(X)","44,280","(X)","34,336","(X)","76,259","(X)","35,352","(X)","37,087","(X)","40,231","(X)","51,950","(X)","47,745","(X)","51,018","(X)","61,516","(X)","40,944","(X)","49,688","(X)","40,890","(X)","48,698","(X)","80,879","(X)","41,046","(X)","47,908","(X)","71,720","(X)","42,376","(X)","67,330","(X)","56,368","(X)","44,493","(X)","52,313","(X)","51,319","(X)","41,513","(X)","38,270","(X)","36,255","(X)","47,542","(X)","50,212","(X)","36,667","(X)"
"HEALTH INSURANCE COVERAGE","","","","","","","","","","","","","","","","","","","","","","","","","","","","","","","","","","","","","","","","","","","","","","","","","","","","","","","","","","","","","","","","","","","","","","","","","","","","","","","",""
"    Civilian noninstitutionalized population","1,657,847","1,657,847","229,374","229,374","1,145,212","1,145,212","189,140","189,140","982,821","982,821","135,418","135,418","172,029","172,029","869,297","869,297","136,372","136,372","63,594","63,594","10,034,790","10,034,790","149,321","149,321","254,871","254,871","86,511","86,511","272,072","272,072","419,413","419,413","137,800","137,800","98,472","98,472","3,168,615","3,168,615","390,975","390,975","2,428,069","2,428,069","1,527,845","1,527,845","2,129,783","2,129,783","3,239,327","3,239,327","879,045","879,045","741,862","741,862","277,304","277,304","766,018","766,018","439,566","439,566","1,927,339","1,927,339","272,666","272,666","178,552","178,552","434,732","434,732","495,984","495,984","547,120","547,120","95,650","95,650","461,439","461,439","843,490","843,490","219,248","219,248","75,693","75,693"
"        With health insurance coverage","1,594,701","96.2%","212,385","92.6%","1,090,170","95.2%","180,668","95.5%","909,426","92.5%","126,659","93.5%","159,999","93.0%","797,457","91.7%","126,934","93.1%","59,891","94.2%","9,128,474","91.0%","135,240","90.6%","247,884","97.3%","79,773","92.2%","250,273","92.0%","375,468","89.5%","128,446","93.2%","93,352","94.8%","2,946,357","93.0%","375,709","96.1%","2,231,850","91.9%","1,451,046","95.0%","1,943,706","91.3%","2,967,299","91.6%","848,694","96.5%","693,931","93.5%","259,338","93.5%","738,338","96.4%","391,540","89.1%","1,847,741","95.9%","257,765","94.5%","167,480","93.8%","415,563","95.6%","462,562","93.3%","518,253","94.7%","88,425","92.4%","429,943","93.2%","772,358","91.6%","206,888","94.4%","69,849","92.3%"
"            With private health insurance","1,229,321","74.2%","139,669","60.9%","860,079","75.1%","145,670","77.0%","501,005","51.0%","78,703","58.1%","80,111","46.6%","435,566","50.1%","73,161","53.6%","32,177","50.6%","5,836,543","58.2%","81,245","54.4%","212,578","83.4%","42,377","49.0%","130,648","48.0%","237,935","56.7%","94,351","68.5%","67,252","68.3%","2,171,662","68.5%","308,315","78.9%","1,440,166","59.3%","1,006,306","65.9%","1,204,163","56.5%","2,174,546","67.1%","673,879","76.7%","439,533","59.2%","200,136","72.2%","615,828","80.4%","275,242","62.6%","1,489,310","77.3%","190,035","69.7%","109,367","61.3%","324,368","74.6%","348,830","70.3%","319,980","58.5%","57,272","59.9%","214,824","46.6%","562,389","66.7%","155,507","70.9%","42,322","55.9%"
"            With public coverage","513,205","31.0%","107,419","46.8%","363,982","31.8%","69,009","36.5%","506,280","51.5%","69,861","51.6%","94,699","55.0%","430,809","49.6%","66,374","48.7%","38,892","61.2%","3,978,512","39.6%","83,351","55.8%","77,038","30.2%","50,095","57.9%","145,795","53.6%","177,545","42.3%","53,450","38.8%","46,853","47.6%","1,045,132","33.0%","129,997","33.2%","1,007,215","41.5%","626,925","41.0%","895,236","42.0%","1,132,991","35.0%","249,642","28.4%","326,706","44.0%","101,078","36.5%","208,176","27.2%","168,061","38.2%","515,870","26.8%","102,195","37.5%","87,478","49.0%","151,998","35.0%","183,500","37.0%","250,076","45.7%","42,332","44.3%","250,725","54.3%","297,096","35.2%","73,955","33.7%","35,158","46.4%"
"        No health insurance coverage","63,146","3.8%","16,989","7.4%","55,042","4.8%","8,472","4.5%","73,395","7.5%","8,759","6.5%","12,030","7.0%","71,840","8.3%","9,438","6.9%","3,703","5.8%","906,316","9.0%","14,081","9.4%","6,987","2.7%","6,738","7.8%","21,799","8.0%","43,945","10.5%","9,354","6.8%","5,120","5.2%","222,258","7.0%","15,266","3.9%","196,219","8.1%","76,799","5.0%","186,077","8.7%","272,028","8.4%","30,351","3.5%","47,931","6.5%","17,966","6.5%","27,680","3.6%","48,026","10.9%","79,598","4.1%","14,901","5.5%","11,072","6.2%","19,169","4.4%","33,422","6.7%","28,867","5.3%","7,225","7.6%","31,496","6.8%","71,132","8.4%","12,360","5.6%","5,844","7.7%"
"    Civilian noninstitutionalized population under 19 years","362,311","362,311","50,092","50,092","275,302","275,302","40,296","40,296","295,238","295,238","28,315","28,315","54,469","54,469","270,533","270,533","42,732","42,732","13,780","13,780","2,319,159","2,319,159","45,938","45,938","54,877","54,877","20,287","20,287","84,977","84,977","119,493","119,493","30,988","30,988","17,988","17,988","739,316","739,316","91,739","91,739","655,684","655,684","382,329","382,329","602,887","602,887","762,438","762,438","127,616","127,616","215,381","215,381","55,015","55,015","167,854","167,854","108,939","108,939","445,813","445,813","59,267","59,267","40,846","40,846","105,507","105,507","104,537","104,537","157,001","157,001","26,843","26,843","149,374","149,374","206,195","206,195","54,333","54,333","22,166","22,166"
"        No health insurance coverage","6,903","1.9%","2,880","5.7%","7,368","2.7%","1,058","2.6%","5,724","1.9%","971","3.4%","555","1.0%","11,171","4.1%","1,124","2.6%","36","0.3%","80,971","3.5%","2,312","5.0%","427","0.8%","722","3.6%","1,918","2.3%","3,626","3.0%","180","0.6%","86","0.5%","21,703","2.9%","2,248","2.5%","24,371","3.7%","8,382","2.2%","25,100","4.2%","34,726","4.6%","2,466","1.9%","4,658","2.2%","1,926","3.5%","2,738","1.6%","5,828","5.3%","7,984","1.8%","2,292","3.9%","1,235","3.0%","2,355","2.2%","3,548","3.4%","3,649","2.3%","371","1.4%","4,227","2.8%","5,440","2.6%","906","1.7%","400","1.8%"
"    Civilian noninstitutionalized population 19 to 64 years","1,069,130","1,069,130","137,163","137,163","691,131","691,131","108,623","108,623","568,464","568,464","83,047","83,047","94,216","94,216","502,281","502,281","78,812","78,812","35,182","35,182","6,367,689","6,367,689","81,748","81,748","142,698","142,698","47,461","47,461","156,544","156,544","241,496","241,496","80,576","80,576","53,312","53,312","1,964,732","1,964,732","223,613","223,613","1,422,800","1,422,800","931,068","931,068","1,280,276","1,280,276","2,013,901","2,013,901","615,480","615,480","433,886","433,886","165,505","165,505","476,283","476,283","263,412","263,412","1,224,606","1,224,606","168,657","168,657","101,393","101,393","260,112","260,112","294,952","294,952","319,057","319,057","54,294","54,294","260,689","260,689","506,632","506,632","138,216","138,216","44,182","44,182"
"        In labor force:","857,730","857,730","101,315","101,315","554,512","554,512","83,450","83,450","422,234","422,234","63,588","63,588","66,428","66,428","359,826","359,826","54,422","54,422","24,488","24,488","4,957,220","4,957,220","60,678","60,678","118,430","118,430","35,421","35,421","116,348","116,348","182,119","182,119","65,800","65,800","39,326","39,326","1,560,603","1,560,603","173,067","173,067","1,070,329","1,070,329","717,316","717,316","955,828","955,828","1,584,935","1,584,935","524,597","524,597","324,188","324,188","122,509","122,509","398,187","398,187","203,334","203,334","989,322","989,322","127,415","127,415","68,476","68,476","206,675","206,675","240,843","240,843","235,519","235,519","40,188","40,188","191,964","191,964","402,051","402,051","97,942","97,942","30,153","30,153"
"            Employed:","824,875","824,875","93,835","93,835","529,580","529,580","79,495","79,495","390,359","390,359","57,889","57,889","57,966","57,966","327,735","327,735","49,597","49,597","22,965","22,965","4,691,028","4,691,028","53,789","53,789","115,504","115,504","33,210","33,210","105,328","105,328","174,115","174,115","62,250","62,250","38,154","38,154","1,500,598","1,500,598","166,936","166,936","1,004,513","1,004,513","679,489","679,489","895,284","895,284","1,503,451","1,503,451","506,734","506,734","305,651","305,651","117,196","117,196","382,844","382,844","191,796","191,796","951,403","951,403","119,635","119,635","62,841","62,841","197,708","197,708","230,763","230,763","214,469","214,469","36,662","36,662","172,133","172,133","385,629","385,629","92,397","92,397","27,602","27,602"
"                With health insurance coverage","790,359","95.8%","84,202","89.7%","497,939","94.0%","74,294","93.5%","348,864","89.4%","52,586","90.8%","51,769","89.3%","290,436","88.6%","43,982","88.7%","20,190","87.9%","4,121,180","87.9%","46,015","85.5%","110,290","95.5%","28,931","87.1%","91,443","86.8%","148,250","85.1%","56,189","90.3%","35,191","92.2%","1,365,294","91.0%","159,275","95.4%","895,281","89.1%","635,073","93.5%","794,440","88.7%","1,342,753","89.3%","488,123","96.3%","277,740","90.9%","105,427","90.0%","366,620","95.8%","160,233","83.5%","903,833","95.0%","111,891","93.5%","56,750","90.3%","185,896","94.0%","209,380","90.7%","198,877","92.7%","31,782","86.7%","155,105","90.1%","338,454","87.8%","85,671","92.7%","24,510","88.8%"
"                    With private health insurance","702,267","85.1%","69,421","74.0%","451,070","85.2%","67,632","85.1%","263,151","67.4%","40,292","69.6%","37,911","65.4%","217,256","66.3%","35,225","71.0%","14,142","61.6%","3,397,502","72.4%","33,282","61.9%","105,272","91.1%","21,747","65.5%","67,785","64.4%","123,181","70.7%","49,368","79.3%","28,189","73.9%","1,210,433","80.7%","144,067","86.3%","732,509","72.9%","539,989","79.5%","649,760","72.6%","1,174,173","78.1%","450,057","88.8%","223,145","73.0%","92,751","79.1%","339,603","88.7%","138,508","72.2%","832,953","87.5%","98,993","82.7%","48,625","77.4%","166,263","84.1%","187,963","81.5%","160,143","74.7%","26,124","71.3%","109,460","63.6%","300,023","77.8%","75,591","81.8%","19,671","71.3%"
"                    With public coverage","102,228","12.4%","19,361","20.6%","57,488","10.9%","9,002","11.3%","101,077","25.9%","15,427","26.6%","16,262","28.1%","82,556","25.2%","10,428","21.0%","7,330","31.9%","822,755","17.5%","14,717","27.4%","6,782","5.9%","8,475","25.5%","28,168","26.7%","29,476","16.9%","8,199","13.2%","8,170","21.4%","185,157","12.3%","19,686","11.8%","191,084","19.0%","114,547","16.9%","169,067","18.9%","218,987","14.6%","45,628","9.0%","63,044","20.6%","14,913","12.7%","33,352","8.7%","25,338","13.2%","83,524","8.8%","16,396","13.7%","10,320","16.4%","26,001","13.2%","28,160","12.2%","44,752","20.9%","7,098","19.4%","50,089","29.1%","45,545","11.8%","11,405","12.3%","6,357","23.0%"
"                No health insurance coverage","34,516","4.2%","9,633","10.3%","31,641","6.0%","5,201","6.5%","41,495","10.6%","5,303","9.2%","6,197","10.7%","37,299","11.4%","5,615","11.3%","2,775","12.1%","569,848","12.1%","7,774","14.5%","5,214","4.5%","4,279","12.9%","13,885","13.2%","25,865","14.9%","6,061","9.7%","2,963","7.8%","135,304","9.0%","7,661","4.6%","109,232","10.9%","44,416","6.5%","100,844","11.3%","160,698","10.7%","18,611","3.7%","27,911","9.1%","11,769","10.0%","16,224","4.2%","31,563","16.5%","47,570","5.0%","7,744","6.5%","6,091","9.7%","11,812","6.0%","21,383","9.3%","15,592","7.3%","4,880","13.3%","17,028","9.9%","47,175","12.2%","6,726","7.3%","3,092","11.2%"
"            Unemployed:","32,855","32,855","7,480","7,480","24,932","24,932","3,955","3,955","31,875","31,875","5,699","5,699","8,462","8,462","32,091","32,091","4,825","4,825","1,523","1,523","266,192","266,192","6,889","6,889","2,926","2,926","2,211","2,211","11,020","11,020","8,004","8,004","3,550","3,550","1,172","1,172","60,005","60,005","6,131","6,131","65,816","65,816","37,827","37,827","60,544","60,544","81,484","81,484","17,863","17,863","18,537","18,537","5,313","5,313","15,343","15,343","11,538","11,538","37,919","37,919","7,780","7,780","5,635","5,635","8,967","8,967","10,080","10,080","21,050","21,050","3,526","3,526","19,831","19,831","16,422","16,422","5,545","5,545","2,551","2,551"
"                With health insurance coverage","29,069","88.5%","6,400","85.6%","21,637","86.8%","3,709","93.8%","26,535","83.2%","5,163","90.6%","7,109","84.0%","25,530","79.6%","4,572","94.8%","1,022","67.1%","213,061","80.0%","6,009","87.2%","2,809","96.0%","1,684","76.2%","9,405","85.3%","6,212","77.6%","2,718","76.6%","967","82.5%","49,851","83.1%","4,885","79.7%","55,341","84.1%","31,929","84.4%","48,158","79.5%","64,369","79.0%","15,372","86.1%","15,690","84.6%","4,923","92.7%","13,497","88.0%","9,864","85.5%","31,608","83.4%","6,517","83.8%","5,112","90.7%","7,420","82.7%","7,436","73.8%","17,256","82.0%","2,785","79.0%","16,038","80.9%","12,479","76.0%","4,622","83.4%","2,121","83.1%"
"                    With private health insurance","18,366","55.9%","2,373","31.7%","12,884","51.7%","2,431","61.5%","7,465","23.4%","2,456","43.1%","1,195","14.1%","7,673","23.9%","880","18.2%","430","28.2%","106,663","40.1%","2,470","35.9%","2,159","73.8%","848","38.4%","3,125","28.4%","3,328","41.6%","1,928","54.3%","685","58.4%","30,661","51.1%","3,051","49.8%","20,427","31.0%","13,605","36.0%","18,454","30.5%","35,586","43.7%","10,282","57.6%","6,266","33.8%","3,387","63.7%","9,796","63.8%","5,150","44.6%","22,036","58.1%","2,851","36.6%","2,488","44.2%","4,322","48.2%","3,717","36.9%","6,227","29.6%","1,384","39.3%","2,474","12.5%","7,405","45.1%","2,173","39.2%","887","34.8%"
"                    With public coverage","12,068","36.7%","4,085","54.6%","9,385","37.6%","1,278","32.3%","19,549","61.3%","3,285","57.6%","6,006","71.0%","19,093","59.5%","3,902","80.9%","592","38.9%","112,737","42.4%","4,638","67.3%","729","24.9%","972","44.0%","6,714","60.9%","3,110","38.9%","1,212","34.1%","282","24.1%","22,050","36.7%","1,919","31.3%","37,075","56.3%","19,332","51.1%","31,296","51.7%","32,374","39.7%","5,740","32.1%","10,093","54.4%","1,536","28.9%","3,915","25.5%","4,942","42.8%","10,670","28.1%","3,963","50.9%","3,057","54.3%","3,254","36.3%","3,932","39.0%","11,336","53.9%","1,467","41.6%","14,002","70.6%","5,351","32.6%","2,617","47.2%","1,234","48.4%"
"                No health insurance coverage","3,786","11.5%","1,080","14.4%","3,295","13.2%","246","6.2%","5,340","16.8%","536","9.4%","1,353","16.0%","6,561","20.4%","253","5.2%","501","32.9%","53,131","20.0%","880","12.8%","117","4.0%","527","23.8%","1,615","14.7%","1,792","22.4%","832","23.4%","205","17.5%","10,154","16.9%","1,246","20.3%","10,475","15.9%","5,898","15.6%","12,386","20.5%","17,115","21.0%","2,491","13.9%","2,847","15.4%","390","7.3%","1,846","12.0%","1,674","14.5%","6,311","16.6%","1,263","16.2%","523","9.3%","1,547","17.3%","2,644","26.2%","3,794","18.0%","741","21.0%","3,793","19.1%","3,943","24.0%","923","16.6%","430","16.9%"
"        Not in labor force:","211,400","211,400","35,848","35,848","136,619","136,619","25,173","25,173","146,230","146,230","19,459","19,459","27,788","27,788","142,455","142,455","24,390","24,390","10,694","10,694","1,410,469","1,410,469","21,070","21,070","24,268","24,268","12,040","12,040","40,196","40,196","59,377","59,377","14,776","14,776","13,986","13,986","404,129","404,129","50,546","50,546","352,471","352,471","213,752","213,752","324,448","324,448","428,966","428,966","90,883","90,883","109,698","109,698","42,996","42,996","78,096","78,096","60,078","60,078","235,284","235,284","41,242","41,242","32,917","32,917","53,437","53,437","54,109","54,109","83,538","83,538","14,106","14,106","68,725","68,725","104,581","104,581","40,274","40,274","14,029","14,029"
"            With health insurance coverage","195,713","92.6%","32,494","90.6%","125,753","92.0%","23,289","92.5%","126,495","86.5%","17,532","90.1%","24,124","86.8%","126,283","88.6%","22,027","90.3%","10,333","96.6%","1,226,485","87.0%","18,171","86.2%","23,143","95.4%","10,855","90.2%","36,347","90.4%","47,418","79.9%","12,661","85.7%","12,162","87.0%","354,779","87.8%","46,664","92.3%","304,975","86.5%","196,760","92.1%","281,528","86.8%","375,014","87.4%","85,043","93.6%","98,382","89.7%","39,494","91.9%","72,296","92.6%","51,777","86.2%","219,775","93.4%","37,894","91.9%","29,694","90.2%","50,030","93.6%","49,431","91.4%","78,272","93.7%","13,081","92.7%","62,400","90.8%","90,242","86.3%","36,952","91.8%","12,267","87.4%"
"                With private health insurance","122,010","57.7%","14,246","39.7%","82,878","60.7%","15,911","63.2%","48,175","32.9%","7,394","38.0%","8,366","30.1%","51,732","36.3%","10,055","41.2%","3,724","34.8%","626,857","44.4%","8,755","41.6%","18,653","76.9%","3,858","32.0%","14,300","35.6%","25,819","43.5%","8,362","56.6%","7,688","55.0%","242,741","60.1%","33,597","66.5%","165,180","46.9%","100,292","46.9%","141,121","43.5%","242,729","56.6%","50,436","55.5%","46,598","42.5%","30,113","70.0%","54,807","70.2%","35,367","58.9%","159,673","67.9%","25,749","62.4%","14,025","42.6%","32,778","61.3%","29,225","54.0%","36,123","43.2%","6,618","46.9%","19,251","28.0%","57,607","55.1%","25,111","62.4%","4,790","34.1%"
"                With public coverage","83,608","39.5%","21,435","59.8%","52,366","38.3%","10,114","40.2%","86,522","59.2%","11,854","60.9%","16,669","60.0%","79,855","56.1%","13,311","54.6%","7,327","68.5%","653,716","46.3%","13,301","63.1%","6,012","24.8%","7,659","63.6%","24,742","61.6%","24,541","41.3%","5,779","39.1%","5,234","37.4%","129,621","32.1%","16,475","32.6%","156,209","44.3%","112,647","52.7%","154,523","47.6%","160,942","37.5%","38,471","42.3%","57,399","52.3%","11,875","27.6%","22,467","28.8%","20,056","33.4%","68,774","29.2%","14,625","35.5%","17,890","54.3%","21,979","41.1%","23,243","43.0%","47,753","57.2%","7,763","55.0%","46,257","67.3%","36,961","35.3%","13,573","33.7%","8,202","58.5%"
"            No health insurance coverage","15,687","7.4%","3,354","9.4%","10,866","8.0%","1,884","7.5%","19,735","13.5%","1,927","9.9%","3,664","13.2%","16,172","11.4%","2,363","9.7%","361","3.4%","183,984","13.0%","2,899","13.8%","1,125","4.6%","1,185","9.8%","3,849","9.6%","11,959","20.1%","2,115","14.3%","1,824","13.0%","49,350","12.2%","3,882","7.7%","47,496","13.5%","16,992","7.9%","42,920","13.2%","53,952","12.6%","5,840","6.4%","11,316","10.3%","3,502","8.1%","5,800","7.4%","8,301","13.8%","15,509","6.6%","3,348","8.1%","3,223","9.8%","3,407","6.4%","4,678","8.6%","5,266","6.3%","1,025","7.3%","6,325","9.2%","14,339","13.7%","3,322","8.2%","1,762","12.6%"
"PERCENTAGE OF FAMILIES AND PEOPLE WHOSE INCOME IN THE PAST 12 MONTHS IS BELOW THE POVERTY LEVEL","","","","","","","","","","","","","","","","","","","","","","","","","","","","","","","","","","","","","","","","","","","","","","","","","","","","","","","","","","","","","","","","","","","","","","","","","","","","","","","",""
"    All families","(X)","5.1%","(X)","10.9%","(X)","5.5%","(X)","4.8%","(X)","17.2%","(X)","11.5%","(X)","19.8%","(X)","16.9%","(X)","15.6%","(X)","11.5%","(X)","10.5%","(X)","17.8%","(X)","3.4%","(X)","14.9%","(X)","16.1%","(X)","10.5%","(X)","6.6%","(X)","5.1%","(X)","7.3%","(X)","5.7%","(X)","9.4%","(X)","10.1%","(X)","11.7%","(X)","7.5%","(X)","5.1%","(X)","11.7%","(X)","7.2%","(X)","4.4%","(X)","7.0%","(X)","4.1%","(X)","7.1%","(X)","9.5%","(X)","5.3%","(X)","5.5%","(X)","11.8%","(X)","11.3%","(X)","17.8%","(X)","6.1%","(X)","11.3%","(X)","10.8%"
"        With related children of the householder under 18 years","(X)","7.0%","(X)","16.7%","(X)","7.7%","(X)","5.8%","(X)","25.7%","(X)","22.3%","(X)","25.7%","(X)","23.2%","(X)","21.2%","(X)","20.1%","(X)","15.6%","(X)","26.7%","(X)","3.7%","(X)","26.3%","(X)","24.0%","(X)","15.6%","(X)","8.5%","(X)","12.7%","(X)","10.4%","(X)","6.8%","(X)","13.7%","(X)","15.9%","(X)","16.5%","(X)","11.4%","(X)","7.6%","(X)","17.3%","(X)","10.1%","(X)","6.0%","(X)","11.6%","(X)","4.7%","(X)","13.2%","(X)","14.7%","(X)","7.5%","(X)","9.3%","(X)","18.0%","(X)","16.4%","(X)","22.6%","(X)","9.0%","(X)","17.4%","(X)","19.8%"
"            With related children of the householder under 5 years only","(X)","4.8%","(X)","35.1%","(X)","10.6%","(X)","0.0%","(X)","23.8%","(X)","43.8%","(X)","11.6%","(X)","18.0%","(X)","17.6%","(X)","36.5%","(X)","11.2%","(X)","25.5%","(X)","0.0%","(X)","30.2%","(X)","25.7%","(X)","7.8%","(X)","5.7%","(X)","30.2%","(X)","8.4%","(X)","5.0%","(X)","14.4%","(X)","9.2%","(X)","12.2%","(X)","6.2%","(X)","4.4%","(X)","16.9%","(X)","10.3%","(X)","4.0%","(X)","8.3%","(X)","2.5%","(X)","3.6%","(X)","9.3%","(X)","8.4%","(X)","5.4%","(X)","14.3%","(X)","21.9%","(X)","20.6%","(X)","5.6%","(X)","16.1%","(X)","4.4%"
"    Married couple families","(X)","2.8%","(X)","4.7%","(X)","2.6%","(X)","3.7%","(X)","10.5%","(X)","6.1%","(X)","11.7%","(X)","8.9%","(X)","9.4%","(X)","4.3%","(X)","6.7%","(X)","10.5%","(X)","2.2%","(X)","7.5%","(X)","10.8%","(X)","6.1%","(X)","4.0%","(X)","2.6%","(X)","4.8%","(X)","3.7%","(X)","6.2%","(X)","6.5%","(X)","7.1%","(X)","4.3%","(X)","3.0%","(X)","6.5%","(X)","3.3%","(X)","2.9%","(X)","3.7%","(X)","2.5%","(X)","4.1%","(X)","5.6%","(X)","2.7%","(X)","2.3%","(X)","7.2%","(X)","7.5%","(X)","12.0%","(X)","3.7%","(X)","6.9%","(X)","5.2%"
"        With related children of the householder under 18 years","(X)","3.3%","(X)","5.1%","(X)","2.9%","(X)","1.7%","(X)","16.1%","(X)","12.8%","(X)","10.7%","(X)","11.3%","(X)","14.4%","(X)","4.9%","(X)","9.1%","(X)","15.8%","(X)","1.7%","(X)","8.9%","(X)","16.1%","(X)","8.8%","(X)","3.9%","(X)","7.2%","(X)","5.7%","(X)","3.7%","(X)","7.8%","(X)","10.3%","(X)","9.4%","(X)","6.5%","(X)","3.5%","(X)","8.6%","(X)","2.2%","(X)","3.2%","(X)","5.7%","(X)","1.9%","(X)","6.8%","(X)","7.9%","(X)","3.2%","(X)","3.7%","(X)","11.3%","(X)","9.9%","(X)","15.3%","(X)","4.4%","(X)","9.6%","(X)","10.1%"
"            With related children of the householder under 5 years only","(X)","1.6%","(X)","9.3%","(X)","2.4%","(X)","0.0%","(X)","12.6%","(X)","41.6%","(X)","7.8%","(X)","5.2%","(X)","8.0%","(X)","0.0%","(X)","5.5%","(X)","6.5%","(X)","0.0%","(X)","0.0%","(X)","6.6%","(X)","1.6%","(X)","0.0%","(X)","21.9%","(X)","4.1%","(X)","6.3%","(X)","6.7%","(X)","4.2%","(X)","3.3%","(X)","3.1%","(X)","0.8%","(X)","2.4%","(X)","0.0%","(X)","2.9%","(X)","7.4%","(X)","1.0%","(X)","2.0%","(X)","6.4%","(X)","2.5%","(X)","1.0%","(X)","7.1%","(X)","9.7%","(X)","13.2%","(X)","0.5%","(X)","7.7%","(X)","0.0%"
"    Families with female householder, no husband present","(X)","14.9%","(X)","25.6%","(X)","16.6%","(X)","15.2%","(X)","33.5%","(X)","28.9%","(X)","38.2%","(X)","39.3%","(X)","35.8%","(X)","34.5%","(X)","21.4%","(X)","38.2%","(X)","11.8%","(X)","28.5%","(X)","35.6%","(X)","25.5%","(X)","20.6%","(X)","19.0%","(X)","18.4%","(X)","16.6%","(X)","23.3%","(X)","21.0%","(X)","26.7%","(X)","19.3%","(X)","16.1%","(X)","29.1%","(X)","22.1%","(X)","12.5%","(X)","20.3%","(X)","12.6%","(X)","20.6%","(X)","22.0%","(X)","15.4%","(X)","18.6%","(X)","27.9%","(X)","22.0%","(X)","33.1%","(X)","17.2%","(X)","32.9%","(X)","31.1%"
"        With related children of the householder under 18 years","(X)","22.9%","(X)","32.1%","(X)","22.4%","(X)","26.7%","(X)","43.2%","(X)","42.3%","(X)","46.3%","(X)","52.0%","(X)","40.0%","(X)","50.5%","(X)","32.0%","(X)","48.9%","(X)","14.9%","(X)","43.1%","(X)","48.0%","(X)","39.2%","(X)","22.7%","(X)","29.0%","(X)","28.5%","(X)","20.9%","(X)","33.6%","(X)","30.7%","(X)","35.3%","(X)","26.3%","(X)","23.9%","(X)","40.9%","(X)","29.8%","(X)","20.6%","(X)","28.5%","(X)","19.0%","(X)","31.8%","(X)","31.1%","(X)","21.1%","(X)","24.8%","(X)","39.0%","(X)","27.5%","(X)","40.2%","(X)","26.1%","(X)","51.1%","(X)","38.6%"
"            With related children of the householder under 5 years only","(X)","27.9%","(X)","72.9%","(X)","33.5%","(X)","0.0%","(X)","47.6%","(X)","65.6%","(X)","11.0%","(X)","64.7%","(X)","37.4%","(X)","79.5%","(X)","29.6%","(X)","70.6%","(X)","0.0%","(X)","28.6%","(X)","77.3%","(X)","36.3%","(X)","28.4%","(X)","16.8%","(X)","33.4%","(X)","0.0%","(X)","40.1%","(X)","26.1%","(X)","36.4%","(X)","16.6%","(X)","28.0%","(X)","64.0%","(X)","52.7%","(X)","22.5%","(X)","15.3%","(X)","18.9%","(X)","15.9%","(X)","10.0%","(X)","40.0%","(X)","13.3%","(X)","41.1%","(X)","48.5%","(X)","40.2%","(X)","27.2%","(X)","64.1%","(X)","49.1%"
"    All people","(X)","8.9%","(X)","18.8%","(X)","7.7%","(X)","7.9%","(X)","21.5%","(X)","21.0%","(X)","23.1%","(X)","20.6%","(X)","19.2%","(X)","17.6%","(X)","14.1%","(X)","20.9%","(X)","6.0%","(X)","19.0%","(X)","22.0%","(X)","13.4%","(X)","9.1%","(X)","10.3%","(X)","10.5%","(X)","7.5%","(X)","12.7%","(X)","14.3%","(X)","14.9%","(X)","11.4%","(X)","10.0%","(X)","14.2%","(X)","13.1%","(X)","6.8%","(X)","12.5%","(X)","7.2%","(X)","12.3%","(X)","15.1%","(X)","7.3%","(X)","10.1%","(X)","15.6%","(X)","13.1%","(X)","22.5%","(X)","8.9%","(X)","21.6%","(X)","17.6%"
"    Under 18 years","(X)","9.6%","(X)","18.9%","(X)","9.3%","(X)","8.2%","(X)","30.9%","(X)","25.3%","(X)","32.2%","(X)","27.8%","(X)","26.3%","(X)","24.4%","(X)","19.8%","(X)","30.5%","(X)","3.9%","(X)","29.8%","(X)","30.5%","(X)","20.7%","(X)","8.5%","(X)","11.0%","(X)","13.2%","(X)","8.4%","(X)","17.0%","(X)","20.8%","(X)","21.4%","(X)","14.9%","(X)","9.4%","(X)","20.9%","(X)","9.2%","(X)","7.3%","(X)","14.3%","(X)","6.8%","(X)","16.6%","(X)","14.2%","(X)","8.2%","(X)","13.9%","(X)","21.9%","(X)","16.4%","(X)","28.8%","(X)","12.2%","(X)","18.4%","(X)","21.2%"
"        Related children of the householder under 18 years","(X)","9.2%","(X)","18.1%","(X)","9.0%","(X)","7.9%","(X)","30.5%","(X)","25.0%","(X)","31.8%","(X)","27.4%","(X)","26.3%","(X)","24.4%","(X)","19.5%","(X)","30.3%","(X)","3.6%","(X)","29.6%","(X)","30.5%","(X)","20.3%","(X)","8.3%","(X)","10.3%","(X)","13.0%","(X)","8.1%","(X)","16.6%","(X)","20.3%","(X)","21.0%","(X)","14.6%","(X)","8.6%","(X)","20.7%","(X)","9.2%","(X)","7.2%","(X)","13.7%","(X)","6.4%","(X)","15.2%","(X)","14.1%","(X)","8.0%","(X)","12.4%","(X)","21.5%","(X)","16.1%","(X)","28.7%","(X)","11.8%","(X)","18.1%","(X)","21.2%"
"            Related children of the householder under 5 years","(X)","9.2%","(X)","25.1%","(X)","12.7%","(X)","2.9%","(X)","31.9%","(X)","39.1%","(X)","28.0%","(X)","28.3%","(X)","28.1%","(X)","29.7%","(X)","19.9%","(X)","32.5%","(X)","0.9%","(X)","52.3%","(X)","31.8%","(X)","19.1%","(X)","4.6%","(X)","13.1%","(X)","13.0%","(X)","7.7%","(X)","18.0%","(X)","18.4%","(X)","22.7%","(X)","13.5%","(X)","7.4%","(X)","19.8%","(X)","9.5%","(X)","9.1%","(X)","11.7%","(X)","5.1%","(X)","13.9%","(X)","17.7%","(X)","10.4%","(X)","12.1%","(X)","24.2%","(X)","11.0%","(X)","31.0%","(X)","9.6%","(X)","17.8%","(X)","18.1%"
"            Related children of the householder 5 to 17 years","(X)","9.2%","(X)","15.3%","(X)","7.7%","(X)","9.4%","(X)","30.0%","(X)","19.3%","(X)","33.4%","(X)","27.1%","(X)","25.7%","(X)","22.4%","(X)","19.4%","(X)","29.4%","(X)","4.4%","(X)","21.2%","(X)","30.0%","(X)","20.8%","(X)","9.5%","(X)","9.4%","(X)","12.9%","(X)","8.2%","(X)","16.2%","(X)","21.0%","(X)","20.4%","(X)","15.1%","(X)","9.3%","(X)","21.0%","(X)","9.0%","(X)","6.5%","(X)","14.4%","(X)","6.9%","(X)","15.7%","(X)","12.9%","(X)","7.1%","(X)","12.4%","(X)","20.6%","(X)","17.9%","(X)","27.9%","(X)","12.5%","(X)","18.3%","(X)","22.4%"
"    18 years and over","(X)","8.7%","(X)","18.7%","(X)","7.3%","(X)","7.9%","(X)","17.8%","(X)","20.0%","(X)","19.3%","(X)","17.5%","(X)","16.3%","(X)","15.9%","(X)","12.6%","(X)","17.0%","(X)","6.6%","(X)","16.1%","(X)","18.4%","(X)","10.6%","(X)","9.3%","(X)","10.2%","(X)","9.7%","(X)","7.3%","(X)","11.3%","(X)","12.3%","(X)","12.5%","(X)","10.4%","(X)","10.1%","(X)","11.7%","(X)","14.0%","(X)","6.7%","(X)","12.0%","(X)","7.4%","(X)","11.2%","(X)","15.3%","(X)","7.1%","(X)","9.2%","(X)","13.3%","(X)","11.9%","(X)","19.7%","(X)","7.9%","(X)","22.5%","(X)","16.3%"
"    18 to 64 years","(X)","8.6%","(X)","21.4%","(X)","7.5%","(X)","7.9%","(X)","18.9%","(X)","23.6%","(X)","19.9%","(X)","18.3%","(X)","16.2%","(X)","17.2%","(X)","12.4%","(X)","18.4%","(X)","6.8%","(X)","18.0%","(X)","19.3%","(X)","11.5%","(X)","9.6%","(X)","13.5%","(X)","9.5%","(X)","6.9%","(X)","11.4%","(X)","12.6%","(X)","12.7%","(X)","10.7%","(X)","9.4%","(X)","11.9%","(X)","16.0%","(X)","6.5%","(X)","13.5%","(X)","7.1%","(X)","12.4%","(X)","17.0%","(X)","7.3%","(X)","10.0%","(X)","13.8%","(X)","12.4%","(X)","20.8%","(X)","7.9%","(X)","25.0%","(X)","18.6%"
"    65 years and over","(X)","9.5%","(X)","9.9%","(X)","6.4%","(X)","7.7%","(X)","12.3%","(X)","7.7%","(X)","17.0%","(X)","13.2%","(X)","16.7%","(X)","12.7%","(X)","13.4%","(X)","11.4%","(X)","5.9%","(X)","11.0%","(X)","13.9%","(X)","7.1%","(X)","8.2%","(X)","3.6%","(X)","10.5%","(X)","8.2%","(X)","10.8%","(X)","10.6%","(X)","11.3%","(X)","9.3%","(X)","13.2%","(X)","10.8%","(X)","8.5%","(X)","7.3%","(X)","6.2%","(X)","8.3%","(X)","6.9%","(X)","10.5%","(X)","6.3%","(X)","6.7%","(X)","10.6%","(X)","10.1%","(X)","14.1%","(X)","8.1%","(X)","9.4%","(X)","4.8%"
"    People in families","(X)","5.5%","(X)","12.0%","(X)","5.7%","(X)","5.1%","(X)","19.6%","(X)","13.7%","(X)","21.1%","(X)","17.8%","(X)","18.2%","(X)","14.1%","(X)","11.3%","(X)","19.7%","(X)","3.1%","(X)","16.6%","(X)","18.9%","(X)","11.8%","(X)","6.7%","(X)","5.4%","(X)","7.8%","(X)","5.5%","(X)","10.4%","(X)","11.9%","(X)","12.8%","(X)","8.5%","(X)","5.1%","(X)","12.5%","(X)","6.5%","(X)","4.6%","(X)","7.6%","(X)","4.2%","(X)","7.7%","(X)","9.4%","(X)","5.0%","(X)","6.1%","(X)","13.8%","(X)","11.1%","(X)","20.0%","(X)","6.7%","(X)","11.6%","(X)","13.1%"
"    Unrelated individuals 15 years and over","(X)","22.2%","(X)","35.7%","(X)","18.6%","(X)","21.3%","(X)","31.7%","(X)","35.8%","(X)","40.0%","(X)","37.3%","(X)","25.8%","(X)","28.9%","(X)","26.3%","(X)","27.8%","(X)","16.2%","(X)","27.6%","(X)","39.3%","(X)","22.7%","(X)","19.6%","(X)","25.2%","(X)","23.2%","(X)","17.3%","(X)","26.6%","(X)","24.3%","(X)","29.1%","(X)","23.1%","(X)","18.5%","(X)","24.8%","(X)","33.1%","(X)","16.6%","(X)","30.6%","(X)","21.6%","(X)","27.6%","(X)","36.7%","(X)","19.0%","(X)","22.5%","(X)","26.6%","(X)","25.6%","(X)","40.3%","(X)","20.2%","(X)","47.7%","(X)","37.3%"